180.2637
80.5957
85.42969
45.9668
5.537109
333.5449
286.3477
301.6406
176.9238
100.1074
74.88281
35.06836
354.5508
307.2656
258.1348
337.3242
55.63477
103.4473
56.33789
15.99609
335.8301
288.7207
281.8652
179.7363
80.06836
84.90234
45.52734
5.009766
333.0176
285.9082
301.0254
176.3086
99.58008
82.17773
42.62695
10.2832
330.2051
283.0078
297.6855
172.9688
96.5918
79.36523
39.81445
0.0
327.4805
280.1074
294.4336
160.2246
108.1055
60.9082
20.74219
340.4004
301.2891
287.1387
185.2734
84.99023
89.47266
58.0957
17.8418
337.5879
290.4785
283.8867
181.8457
81.91406
86.66016
47.28516
6.855469
326.9531
279.4922
293.8184
169.0137
93.16406
76.11328
44.47266
3.955078
324.2285
276.6797
313.0664
165.6738
112.8516
65.56641
25.57617
345.1465
298.0371
270.0879
190.9863
67.67578
94.13086
54.93164
22.67578
342.4219
295.3125
289.4238
187.6465
87.1875
91.40625
52.20703
19.86328
339.6094
292.5879
286.2598
184.3945
84.19922
88.68164
49.39453
8.964844
328.9746
281.6895
296.2793
171.4746
95.36133
78.22266
38.58398
358.0664
310.6934
261.9141
341.4551
59.58984
106.875
59.76563
19.51172
347.2559
300.1465
285.8203
193.5352
83.84766
88.33008
57.04102
16.69922
336.5332
289.4238
282.6563
180.6152
80.85938
85.69336
46.31836
13.88672
333.8086
286.6113
315.0879
167.7832
114.6094
59.41406
27.33398
346.9043
299.7949
285.4688
183.5156
83.49609
88.06641
48.69141
16.43555
336.1816
289.0723
282.2168
180.1758
80.41992
85.3418
45.87891
5.449219
325.5469
278.0859
314.6484
167.3438
114.2578
66.88477
26.89453
346.4648
299.4434
271.582
192.6563
69.16992
95.44922
56.25
15.9082
343.6523
296.6309
268.3301
189.2285
66.00586
84.90234
53.4375
13.0957
340.9277
293.8184
287.7539
176.3086
99.49219
82.08984
50.625
10.19531
338.1152
291.0059
284.502
182.4609
82.44141
87.1875
47.8125
15.46875
335.3027
288.1934
281.25
179.1211
79.54102
84.46289
52.99805
12.65625
332.5781
285.3809
300.498
175.7813
99.05273
81.73828
42.1875
9.755859
329.7656
282.4805
297.2461
172.4414
96.15234
78.92578
39.375
358.8574
311.4844
262.793
320.0098
38.05664
107.7539
60.55664
20.39063
348.0469
293.0273
300.0586
175.3418
98.78906
81.38672
41.92383
9.492188
329.502
282.3047
296.9824
172.1777
95.97656
78.75
39.19922
358.6816
311.3086
262.6172
319.834
37.88086
107.5781
60.46875
20.21484
339.9609
292.9395
286.6992
184.834
84.63867
89.12109
49.74609
9.316406
337.3242
290.2148
296.8066
172.002
95.80078
78.66211
47.10938
6.679688
326.7773
279.4043
293.6426
168.8379
107.4023
60.29297
28.21289
347.7832
300.6738
273.1641
194.3262
70.75195
96.85547
57.65625
17.40234
345.1465
298.0371
270.0879
191.0742
67.76367
94.21875
54.93164
14.67773
342.4219
295.4004
267.0117
187.7344
64.77539
91.49414
52.29492
20.03906
339.6973
292.6758
286.3477
184.4824
84.28711
88.85742
49.48242
9.140625
336.9727
289.9512
296.4551
171.6504
95.53711
78.39844
38.75977
6.328125
326.4258
279.0527
315.7031
168.3984
115.2246
67.85156
27.86133
347.4316
292.5
286.1719
184.3066
84.11133
88.68164
49.30664
17.05078
336.7969
289.6875
296.1914
171.3867
95.27344
78.13477
38.58398
6.152344
326.25
286.9629
315.5273
168.2227
100.8105
75.49805
35.77148
355.2539
307.9688
258.8379
193.5352
70.04883
104.1504
57.04102
16.69922
336.5332
297.4219
269.3848
180.6152
66.97266
93.51563
54.31641
13.97461
341.8066
294.7852
302.0801
177.3633
100.5469
75.23438
35.50781
3.076172
323.3496
275.8008
312.0117
164.707
112.0605
64.77539
24.78516
344.3555
297.334
269.2969
190.1074
66.88477
93.42773
54.22852
13.88672
333.8086
286.6992
301.9922
177.3633
100.459
67.41211
35.50781
354.9902
307.7051
258.5742
337.8516
56.25
103.9746
64.77539
24.69727
344.3555
297.2461
269.1211
190.0195
66.79688
93.33984
54.14063
13.79883
333.7207
286.6113
301.9043
186.7676
100.3711
75.05859
35.33203
346.8164
299.7949
272.0215
193.0957
69.60938
95.88867
56.68945
16.43555
344.1797
297.0703
269.0332
189.8438
80.5957
93.25195
54.05273
13.71094
341.4551
294.4336
288.457
186.6797
100.2832
74.9707
35.24414
2.8125
323.0859
275.4492
311.748
164.4434
111.7969
64.59961
24.52148
352.1777
297.1582
269.0332
189.8438
66.70898
93.25195
61.96289
21.79688
341.4551
294.4336
288.457
186.6797
100.2832
82.79297
43.33008
2.900391
323.1738
275.5371
311.748
173.9355
111.7969
64.59961
24.52148
352.1777
304.9805
255.4102
334.5117
52.99805
101.1621
54.05273
13.71094
333.6328
286.5234
301.8164
177.0996
100.2832
75.05859
35.33203
2.900391
323.1738
275.625
311.8359
164.5313
111.8848
64.6875
24.60938
344.1797
297.1582
269.1211
189.9316
66.70898
93.33984
62.05078
21.88477
341.543
294.5215
288.5449
186.7676
86.30859
90.70313
43.41797
2.900391
323.1738
275.625
311.8359
164.5313
111.7969
64.59961
24.52148
344.1797
297.1582
269.0332
189.9316
66.70898
93.25195
54.05273
21.79688
341.543
294.5215
288.457
186.6797
100.2832
75.05859
35.33203
2.900391
323.1738
275.5371
311.748
164.4434
111.7969
64.59961
24.52148
344.0918
297.0703
268.9453
189.8438
80.50781
93.16406
53.96484
13.62305
341.4551
294.4336
288.457
177.0996
100.1953
74.9707
43.33008
2.900391
323.0859
275.4492
311.748
164.4434
111.709
64.51172
24.52148
352.0898
304.8926
255.4102
334.4238
52.91016
101.0742
53.96484
13.62305
341.4551
294.4336
301.7285
186.5918
100.1953
74.9707
43.33008
2.8125
323.0859
275.4492
311.6602
164.3555
111.709
64.51172
24.43359
344.0918
297.0703
269.0332
189.8438
66.70898
93.25195
54.05273
21.79688
341.543
294.4336
288.457
177.0996
100.2832
67.14844
27.24609
346.8164
299.707
272.0215
193.0957
69.60938
95.88867
64.59961
24.52148
344.1797
297.0703
269.0332
189.8438
66.62109
93.25195
54.05273
21.79688
341.4551
294.4336
288.457
186.6797
86.2207
90.61523
51.32813
19.07227
338.8184
291.7969
285.3809
183.3398
97.38281
80.15625
48.69141
8.261719
328.2715
280.9863
295.4883
170.6836
94.74609
77.60742
37.96875
357.4512
310.0781
261.2988
340.8398
58.97461
106.3477
59.23828
19.07227
338.8184
291.7969
285.3809
183.4277
83.4082
87.97852
48.69141
8.261719
336.1816
289.1602
282.3047
180.2637
80.50781
85.42969
46.05469
5.537109
333.5449
286.4355
314.9121
167.6074
114.5215
75.05859
35.33203
354.8145
307.6172
258.3984
337.7637
56.07422
103.7988
56.68945
16.43555
336.2695
289.1602
282.3926
180.3516
80.68359
85.51758
46.14258
5.712891
325.8984
278.4375
315.0879
158.3789
106.5234
51.50391
19.24805
338.9941
291.9727
285.5566
174.1113
97.64648
80.41992
48.86719
8.4375
328.5352
281.1621
295.752
170.9473
94.92188
77.7832
46.23047
5.712891
325.8984
278.5254
315.1758
167.8711
114.6973
67.41211
27.42188
346.9922
299.9707
272.2852
193.3594
69.78516
96.06445
56.86523
16.61133
344.3555
297.2461
269.209
180.5273
80.77148
93.42773
54.22852
13.88672
333.7207
286.6113
301.9922
177.3633
100.459
75.23438
35.50781
354.9902
307.7051
258.5742
337.9395
56.25
103.9746
56.86523
16.61133
336.3574
289.3359
282.5684
180.4395
80.77148
85.60547
46.23047
13.88672
333.7207
286.6113
301.9043
177.2754
100.459
75.14648
35.41992
2.988281
323.2617
275.7129
311.9238
164.6191
111.8848
64.6875
24.60938
344.2676
297.2461
269.1211
190.0195
66.79688
93.33984
54.14063
21.88477
341.6309
294.5215
288.5449
167.6953
114.6094
67.32422
27.33398
346.9043
299.7949
272.1094
193.1836
69.69727
95.88867
48.7793
16.43555
336.2695
289.1602
282.3926
180.3516
80.5957
85.42969
46.05469
5.625
333.6328
286.5234
301.8164
177.0996
100.2832
75.05859
35.33203
2.900391
323.0859
275.5371
311.748
164.4434
111.7969
64.59961
24.52148
344.0918
297.0703
255.4102
334.5117
52.99805
101.0742
53.96484
13.62305
333.5449
286.4355
301.7285
177.0996
100.2832
74.9707
35.24414
2.900391
323.0859
275.5371
311.748
164.4434
111.7969
64.59961
24.52148
344.1797
297.0703
269.0332
189.8438
66.70898
85.42969
46.05469
13.71094
333.6328
286.5234
301.8164
177.0996
100.2832
75.05859
35.33203
354.8145
307.6172
258.3984
337.6758
55.98633
103.7988
56.68945
16.34766
336.1816
289.0723
282.3047
180.2637
80.50781
85.3418
45.9668
5.449219
325.6348
278.1738
327.7441
158.0273
106.2598
59.15039
18.98438
338.7305
291.6211
285.2051
183.252
83.23242
87.89063
56.51367
16.17188
336.0059
288.9844
282.1289
180.0
80.33203
85.16602
53.78906
13.44727
333.3691
286.2598
301.4648
176.8359
100.0195
74.79492
35.06836
354.5508
307.2656
258.1348
337.4121
55.72266
103.5352
56.42578
16.17188
336.0059
288.8965
282.041
180.0
80.33203
85.16602
53.78906
13.44727
333.3691
286.1719
301.4648
176.8359
100.0195
74.79492
35.06836
2.636719
322.9102
275.2734
311.4844
164.1797
111.5332
64.33594
24.25781
351.9141
304.7168
255.2344
334.1602
52.73438
100.8105
53.78906
13.44727
333.3691
286.1719
301.4648
176.8359
100.0195
74.79492
35.06836
354.5508
307.3535
258.1348
337.4121
55.72266
111.5332
64.33594
24.25781
343.8281
296.8066
268.6816
189.4922
66.35742
92.98828
53.78906
13.35938
333.2813
277.998
314.5605
167.2559
114.1699
66.88477
26.89453
346.4648
299.4434
271.6699
192.7441
69.25781
95.53711
56.33789
24.16992
343.8281
296.8066
268.5938
189.4043
66.26953
92.8125
53.61328
21.35742
341.1035
293.9941
287.9297
186.1523
85.78125
90.17578
50.88867
10.45898
338.3789
283.2715
298.0371
173.3203
96.94336
79.7168
40.16602
7.734375
327.832
280.459
294.873
170.0684
94.13086
77.08008
37.44141
356.9238
271.3184
192.3047
82.70508
87.36328
55.98633
15.73242
335.5664
288.457
281.6016
179.4727
79.89258
84.81445
45.35156
13.00781
332.9297
285.7324
300.9375
176.2207
99.49219
82.08984
42.62695
10.19531
330.2051
283.0078
297.7734
173.0566
96.76758
79.54102
39.99023
0.0
327.6563
280.2832
294.6973
169.8926
93.95508
76.9043
37.26563
348.75
301.6406
274.1309
195.3809
71.71875
97.73438
58.62305
26.45508
346.1133
299.0039
271.1426
192.2168
68.81836
95.18555
55.98633
15.64453
343.3887
296.3672
281.5137
179.4727
79.80469
84.72656
53.34961
13.00781
332.9297
285.7324
300.9375
176.3086
99.58008
82.17773
42.62695
10.2832
330.293
283.0957
297.8613
173.1445
96.76758
79.54102
48.07617
7.646484
327.6563
280.3711
294.7852
169.9805
94.04297
76.99219
37.35352
356.8359
309.5508
260.5957
340.0488
58.27148
105.7324
58.71094
18.45703
338.2031
291.1816
284.6777
182.7246
82.79297
87.45117
48.07617
15.82031
335.6543
288.5449
281.6895
179.5605
79.98047
77.08008
45.43945
5.009766
325.1953
277.7344
314.2969
166.9922
113.9941
66.70898
26.71875
346.2891
299.2676
271.4941
192.4805
69.08203
95.36133
56.16211
15.9082
343.6523
296.6309
268.418
189.3164
66.18164
92.8125
45.61523
5.097656
325.3711
277.9102
314.4727
167.168
114.082
66.79688
26.80664
346.377
299.3555
271.582
192.6563
69.16992
95.44922
56.25
24.16992
343.8281
296.7188
268.5938
189.4922
66.26953
92.90039
53.70117
21.44531
341.1914
294.1699
288.1055
186.3281
85.95703
90.35156
51.06445
18.80859
338.5547
291.5332
285.1172
183.0762
83.05664
87.71484
48.33984
7.910156
335.918
288.8086
281.9531
179.8242
80.15625
85.07813
45.70313
13.35938
333.1934
286.084
301.2891
176.6602
99.93164
82.44141
42.97852
10.63477
330.5566
283.3594
298.2129
173.4961
97.03125
79.80469
40.25391
0.0
327.9199
280.6348
295.0488
170.2441
94.30664
77.25586
37.61719
5.185547
325.2832
277.8223
314.3848
167.0801
114.082
66.79688
26.80664
346.377
299.3555
284.9414
182.9883
82.96875
87.62695
56.25
15.99609
335.8301
296.7188
281.8652
179.7363
80.06836
77.16797
37.5293
357.0117
309.7266
260.8594
340.3125
157.6758
98.08594
58.88672
18.63281
346.377
299.2676
284.9414
182.9883
82.96875
87.62695
48.25195
7.822266
335.8301
288.7207
281.8652
179.7363
94.30664
84.99023
45.52734
5.097656
325.2832
277.8223
314.2969
166.9922
113.9941
66.70898
26.71875
346.2891
299.1797
271.4941
192.4805
69.08203
95.36133
56.25
24.08203
343.6523
296.6309
268.5059
189.3164
66.18164
92.8125
61.52344
21.35742
341.0156
301.9043
274.4824
195.7324
71.98242
97.99805
58.79883
18.63281
338.3789
291.3574
284.9414
182.9004
82.96875
87.62695
48.25195
15.9082
335.7422
288.7207
281.7773
179.7363
94.21875
84.99023
45.52734
5.097656
325.2832
277.8223
314.2969
166.9922
113.9941
66.70898
26.71875
346.2891
299.1797
271.4063
192.3926
68.99414
95.36133
56.07422
15.82031
343.5645
296.543
268.3301
189.1406
79.98047
84.81445
45.43945
4.921875
325.1074
277.6465
314.209
166.8164
113.8184
66.5332
26.54297
346.2012
299.0918
271.3184
192.3047
68.90625
95.18555
55.98633
23.81836
343.3887
296.3672
268.1543
188.9648
65.91797
92.46094
53.26172
12.91992
332.8418
285.7324
300.8496
176.2207
99.49219
82.08984
42.53906
10.19531
330.2051
283.0078
297.7734
172.9688
96.67969
79.45313
39.90234
0.0
327.5684
280.1953
294.6094
169.7168
93.86719
76.72852
37.08984
356.5723
309.2871
260.332
339.7852
58.00781
105.5566
58.35938
18.19336
337.9395
290.8301
284.3262
182.2852
82.35352
87.01172
55.63477
15.38086
335.2148
288.1055
281.0742
178.9453
79.45313
84.375
52.91016
12.56836
332.4902
293.3789
300.4102
185.2734
99.05273
89.47266
50.09766
9.667969
329.6777
282.4805
297.1582
172.3535
96.06445
78.92578
39.375
358.7695
311.3965
253.916
332.7539
51.41602
99.66797
60.46875
20.30273
339.9609
292.9395
286.6992
184.834
84.63867
89.12109
49.83398
9.404297
329.4141
282.1289
296.7188
172.002
95.80078
78.57422
39.02344
6.591797
326.6895
279.3164
293.5547
159.3457
107.3145
68.02734
28.125
347.6953
300.5859
272.9883
194.0625
70.48828
96.67969
57.48047
17.22656
344.9707
297.8613
283.1836
181.1426
81.38672
86.13281
54.75586
14.41406
334.248
287.1387
302.6074
177.8906
100.9863
75.67383
35.94727
355.4297
308.1445
259.1016
338.3789
56.68945
104.3262
57.2168
16.96289
336.7969
289.6875
283.0078
180.9668
81.12305
85.95703
46.58203
6.152344
334.1602
286.9629
302.3438
177.627
100.7227
75.49805
35.77148
355.2539
307.9688
258.8379
338.1152
56.42578
104.1504
57.04102
16.78711
336.5332
289.5117
282.7441
180.7031
80.94727
93.51563
54.31641
13.97461
333.8965
278.5254
315.1758
167.8711
114.7852
67.5
27.50977
347.0801
299.9707
272.2852
193.3594
69.87305
96.06445
56.86523
16.61133
344.3555
297.2461
282.4805
180.4395
80.68359
93.33984
54.14063
13.79883
333.7207
286.5234
301.8164
177.0996
100.2832
74.9707
35.24414
2.8125
323.0859
275.4492
311.6602
164.3555
111.709
64.42383
24.3457
352.002
304.8047
255.2344
334.248
52.73438
100.8984
53.78906
13.44727
333.2813
294.1699
301.377
176.748
99.93164
82.5293
50.97656
10.54688
330.5566
283.3594
298.125
173.4082
97.03125
79.7168
40.16602
7.734375
327.832
280.459
294.873
170.0684
94.13086
77.08008
37.35352
4.921875
325.1074
277.6465
314.1211
166.7285
113.7305
66.44531
26.45508
346.0254
298.916
271.1426
192.1289
68.73047
95.00977
55.81055
23.64258
343.2129
296.1914
267.8906
188.7012
65.56641
92.19727
52.99805
12.65625
332.5781
285.3809
300.498
175.7813
99.14063
81.73828
42.27539
9.84375
329.8535
282.5684
297.2461
172.4414
96.24023
79.01367
39.46289
358.8574
311.4844
262.793
320.0098
38.05664
107.7539
60.55664
20.39063
348.0469
300.9375
273.3398
184.834
84.63867
89.12109
57.74414
17.49023
337.3242
290.2148
283.5352
181.4941
81.65039
86.39648
55.01953
14.67773
334.5117
287.4023
302.7832
187.7344
101.1621
83.67188
44.20898
3.691406
323.877
276.2402
312.627
165.3223
112.5
65.21484
33.22266
352.793
305.5078
256.1133
335.127
53.61328
101.6016
54.49219
14.15039
333.9844
286.875
302.168
177.5391
100.6348
75.41016
35.68359
355.166
315.6152
267.3633
325.1074
155.3906
103.9746
56.86523
16.52344
336.3574
289.248
282.4805
180.3516
80.5957
85.42969
46.05469
5.537109
325.7227
286.4355
314.8242
177.0117
100.1953
74.88281
27.07031
346.6406
299.5313
271.7578
192.832
69.25781
95.53711
56.33789
16.08398
335.8301
296.7188
281.8652
179.8242
80.15625
84.99023
53.52539
13.18359
333.1055
293.9941
301.1133
186.0645
85.69336
82.26563
50.80078
10.37109
338.291
283.0957
297.8613
173.1445
96.76758
79.54102
39.99023
7.558594
327.6563
280.2832
294.6094
160.4004
93.86719
76.81641
37.08984
356.5723
309.2871
260.332
339.6973
57.91992
97.4707
66.18164
26.19141
345.7617
306.4746
270.791
336.3574
54.75586
102.5684
55.45898
15.20508
335.0391
287.9297
280.8984
178.7695
79.18945
84.11133
44.73633
4.21875
332.2266
285.1172
300.1465
175.4297
98.78906
81.38672
41.92383
1.318359
329.502
282.2168
296.8066
162.5977
110.127
63.01758
30.9375
350.5078
303.3105
253.5645
332.4023
51.06445
99.4043
68.11523
28.125
355.6934
300.5859
272.9883
194.0625
70.48828
88.76953
49.48242
9.052734
329.0625
281.7773
296.3672
171.5625
95.44922
78.31055
38.67188
6.240234
326.3379
278.9648
315.6152
168.3105
115.1367
67.76367
27.77344
347.3438
300.2344
272.5488
193.7109
70.13672
96.32813
65.03906
24.96094
344.5313
297.5098
269.3848
190.2832
67.06055
93.60352
62.31445
22.14844
341.8066
294.7852
288.8086
187.0313
86.57227
90.87891
51.5918
11.25
339.082
291.9727
285.6445
183.6914
83.58398
88.1543
48.86719
8.349609
328.4473
281.1621
295.6641
170.8594
94.83398
77.69531
38.05664
357.5391
310.0781
261.2109
340.8398
58.97461
106.3477
59.23828
18.98438
338.7305
291.709
285.2051
183.252
83.23242
95.625
56.42578
16.17188
336.0059
288.8965
282.041
179.9121
80.24414
92.98828
53.70117
13.35938
333.2813
294.1699
301.2891
176.6602
99.84375
82.44141
50.97656
10.54688
330.5566
283.2715
298.125
173.3203
111.2695
64.07227
23.99414
351.6504
304.4531
254.8828
333.8086
52.38281
100.5469
45.43945
13.0957
333.0176
285.8203
301.0254
176.3086
99.58008
82.17773
42.62695
2.197266
330.293
283.0078
310.8691
163.5645
111.0059
71.63086
31.81641
351.2988
304.1016
254.5313
333.457
52.03125
108.1934
61.08398
20.91797
340.5762
293.5547
287.4023
185.5371
85.25391
89.64844
50.36133
9.931641
337.8516
290.7422
284.2383
182.1973
82.26563
86.92383
47.54883
7.119141
327.2168
279.8438
294.082
169.2773
93.33984
76.37695
36.65039
4.21875
324.4043
276.9434
313.3301
166.0254
113.1152
73.65234
33.83789
353.4082
306.123
256.8164
335.918
54.31641
102.2168
55.10742
14.85352
342.5977
287.5781
280.459
178.3301
78.83789
83.75977
44.29688
3.867188
331.875
284.6777
312.8027
165.498
112.5879
65.39063
25.3125
352.8809
305.6836
256.2012
190.7227
81.29883
86.04492
54.66797
14.32617
334.1602
287.0508
302.4316
177.7148
100.8105
75.49805
35.77148
355.2539
307.9688
258.8379
338.1152
56.33789
104.0625
56.95313
16.69922
336.4453
289.4238
282.5684
180.5273
80.77148
85.51758
46.14258
13.79883
333.6328
286.5234
301.8164
177.0996
100.2832
74.9707
35.24414
354.7266
307.4414
258.2227
337.5
55.81055
111.5332
64.33594
24.25781
343.8281
296.8066
268.5938
189.4043
66.18164
92.8125
53.52539
21.26953
340.9277
293.9063
287.7539
185.9766
85.60547
90.0
50.625
18.36914
338.1152
291.0059
284.502
182.4609
82.5293
87.1875
47.8125
7.294922
335.3027
288.1934
281.1621
179.0332
79.45313
84.28711
44.91211
12.48047
332.4023
285.2051
300.3223
175.5176
98.87695
81.47461
41.92383
1.40625
329.502
282.2168
296.8945
162.6855
110.2148
70.83984
30.9375
350.5078
303.3105
267.0117
187.8223
64.77539
91.49414
52.20703
11.86523
339.6973
292.5879
299.5313
174.8145
98.17383
80.85938
41.30859
8.876953
328.8867
281.5137
296.1035
171.2988
95.09766
77.95898
38.32031
357.8027
310.4297
261.5625
341.1035
59.15039
106.5234
59.41406
19.16016
346.8164
299.707
271.9336
192.9199
83.23242
95.71289
56.42578
16.17188
335.918
288.8086
281.9531
179.8242
80.15625
84.99023
45.52734
5.009766
333.0176
285.9082
301.0254
176.3086
99.58008
82.08984
42.62695
2.109375
330.2051
282.9199
297.6855
172.8809
96.50391
79.27734
39.72656
0.0
327.3047
279.9316
294.2578
169.4531
93.51563
76.46484
36.73828
4.306641
324.4922
276.9434
313.3301
166.0254
113.1152
65.83008
25.75195
345.3223
306.123
256.7285
191.25
54.22852
102.1289
55.01953
14.67773
334.5996
287.4023
280.2832
178.1543
78.66211
83.67188
44.20898
3.691406
331.6992
276.2402
312.5391
165.2344
104.3262
57.2168
16.875
344.6191
297.5098
269.4727
190.3711
67.06055
93.60352
54.31641
22.06055
341.7188
294.6973
288.6328
186.7676
100.3711
75.05859
43.33008
2.8125
330.9082
283.7109
298.4766
164.2676
111.6211
64.33594
24.25781
351.8262
304.6289
255.0586
334.0723
66.18164
100.6348
53.52539
13.0957
333.0176
285.8203
301.0254
176.2207
99.49219
82.08984
42.53906
2.021484
330.1172
282.832
297.5098
172.7051
96.41602
79.18945
39.55078
359.0332
311.5723
262.8809
320.0098
38.05664
93.33984
76.28906
36.5625
4.130859
324.3164
276.6797
313.0664
165.6738
112.7637
65.47852
25.40039
345.0586
297.9492
269.9121
190.8105
67.5
101.8652
54.75586
14.32617
334.1602
287.0508
302.3438
177.7148
100.8105
75.41016
35.68359
3.251953
323.4375
275.8008
312.0117
164.6191
111.8848
64.6875
24.60938
336.2695
289.1602
282.3047
180.2637
80.50781
85.3418
45.87891
5.361328
325.5469
277.998
314.5605
167.2559
114.1699
66.88477
26.80664
346.377
299.2676
271.4941
192.4805
68.99414
95.27344
56.07422
15.73242
343.4766
296.4551
281.5137
179.3848
79.80469
84.63867
45.17578
12.83203
332.7539
285.5566
300.6738
175.957
99.22852
81.82617
50.36133
9.931641
329.9414
282.6563
297.334
172.5293
96.24023
79.10156
39.46289
358.9453
311.4844
262.793
320.0098
38.05664
107.666
60.55664
20.39063
348.0469
300.8496
273.252
194.4141
84.63867
96.94336
57.74414
17.40234
278.9648
315.7031
168.3105
115.0488
59.85352
19.59961
347.3438
300.1465
272.4609
193.623
70.04883
96.24023
57.04102
16.69922
344.4434
297.4219
269.2969
190.1074
66.88477
93.42773
54.22852
5.712891
325.8984
278.3496
315.0
167.6074
114.5215
67.14844
27.1582
346.7285
307.4414
258.2227
192.9199
69.3457
95.625
64.33594
24.25781
343.8281
296.8066
268.5938
189.4043
66.26953
92.8125
53.61328
13.18359
341.0156
293.9063
287.8418
176.3965
99.58008
82.17773
50.71289
10.2832
330.293
283.0078
297.7734
172.9688
96.5918
79.36523
39.81445
0.0
327.4805
280.0195
294.3457
169.541
93.69141
76.55273
44.91211
4.394531
332.4902
285.293
300.3223
175.6055
98.96484
81.5625
42.01172
9.580078
329.5898
282.3047
296.9824
172.0898
95.88867
70.83984
39.02344
358.5059
311.1328
262.3535
341.9824
60.0293
107.3145
60.11719
19.95117
347.6074
300.498
272.8125
193.8867
70.3125
96.50391
57.30469
16.96289
336.7969
289.6875
282.9199
180.8789
81.03516
85.78125
46.40625
14.0625
333.8965
286.6992
301.9922
177.2754
100.459
67.23633
19.16016
346.8164
299.707
271.9336
192.9199
69.43359
95.625
56.42578
16.17188
343.8281
296.8066
268.5938
189.4043
80.06836
84.90234
53.52539
13.0957
333.0176
285.8203
300.9375
176.2207
99.49219
82.08984
50.53711
10.10742
330.1172
282.832
297.5977
172.793
96.41602
79.18945
39.63867
0.0
327.3047
279.8438
294.1699
169.3652
93.42773
76.37695
36.65039
356.1328
308.7598
259.7168
339.082
57.30469
104.8535
57.74414
17.49023
345.1465
290.127
283.4473
181.4063
81.5625
94.04297
54.84375
14.50195
342.2461
295.2246
289.248
187.4707
86.92383
91.23047
51.94336
19.59961
339.3457
292.2363
285.9082
183.9551
83.75977
80.50781
48.95508
8.525391
328.5352
281.25
295.6641
170.8594
94.74609
77.69531
37.96875
5.537109
325.6348
278.1738
314.7363
167.3438
114.2578
66.88477
26.89453
346.4648
299.3555
271.4941
192.4805
82.79297
79.62891
39.99023
0.0
327.6563
280.2832
294.6094
169.7168
93.7793
76.72852
37.00195
356.4844
309.1113
260.0684
339.5215
57.65625
105.2051
58.00781
25.83984
345.4102
298.3008
270.3516
191.25
67.85156
94.21875
55.01953
22.76367
342.4219
295.4004
289.4238
187.6465
87.09961
91.31836
52.03125
19.77539
339.4336
292.4121
285.9961
184.043
83.84766
88.41797
49.04297
8.525391
328.5352
281.25
295.6641
170.8594
94.74609
77.60742
37.96875
357.3633
309.9902
261.123
340.5762
58.71094
106.084
58.88672
18.63281
338.3789
291.2695
284.7656
182.7246
82.70508
87.36328
47.90039
7.470703
335.3906
288.1934
281.1621
179.0332
79.45313
84.28711
44.82422
12.48047
332.3145
285.1172
300.1465
175.4297
98.70117
81.29883
41.74805
1.230469
329.3262
281.9531
296.543
171.7383
95.53711
78.39844
38.75977
358.1543
310.7813
261.9141
341.4551
73.03711
98.87695
51.67969
11.25
339.082
291.9727
285.5566
183.6035
83.4082
87.97852
48.60352
8.173828
328.1836
280.8105
282.041
179.9121
80.15625
84.99023
45.52734
5.009766
333.0176
285.8203
300.9375
176.1328
99.4043
82.00195
42.45117
10.01953
329.9414
282.6563
297.334
172.5293
96.15234
78.92578
39.28711
358.7695
311.3086
262.5293
319.6582
37.70508
107.4023
60.20508
20.03906
347.6074
300.498
272.8125
193.8867
70.22461
96.41602
57.12891
16.875
344.5313
297.4219
269.2969
180.5273
80.68359
85.51758
46.05469
13.62305
333.5449
286.3477
301.5527
176.8359
100.0195
74.70703
34.89258
354.375
307.002
257.7832
336.8848
55.2832
103.0078
55.89844
15.55664
335.3906
288.1934
281.1621
179.0332
79.36523
84.28711
52.82227
12.39258
332.3145
285.0293
300.0586
175.3418
98.70117
81.29883
41.74805
9.228516
329.2383
281.8652
296.4551
162.1582
109.7754
62.57813
22.32422
341.9824
294.873
288.8965
187.0313
86.57227
90.87891
51.5918
11.16211
338.9941
291.8848
298.6523
173.8477
97.38281
80.06836
40.51758
0.0
328.0957
280.6348
295.0488
170.2441
94.21875
77.08008
37.35352
4.921875
325.1074
277.5586
314.0332
166.6406
113.6426
66.26953
26.2793
345.8496
298.7402
270.7031
191.6016
68.20313
102.4805
55.2832
14.94141
334.7754
287.666
280.5469
178.3301
78.83789
83.75977
44.20898
3.691406
331.6992
284.502
299.4434
174.6387
98.08594
80.68359
41.13281
0.6152344
320.8887
272.9883
308.8477
161.543
109.1602
61.96289
21.79688
341.4551
294.3457
288.2813
186.416
85.95703
90.26367
50.97656
18.63281
338.3789
291.2695
284.6777
182.7246
82.61719
87.27539
47.90039
7.382813
327.4805
280.0195
294.3457
169.4531
79.36523
84.19922
44.73633
4.21875
324.4043
268.418
326.1621
156.4453
104.8535
57.65625
17.40234
345.0586
297.9492
269.9121
190.7227
67.41211
93.86719
54.58008
14.23828
334.0723
294.873
288.8965
177.4512
100.5469
75.14648
35.41992
2.988281
323.1738
275.4492
311.6602
164.2676
111.5332
64.24805
24.08203
343.7402
296.543
268.3301
189.1406
65.91797
92.46094
53.17383
20.91797
340.5762
293.4668
300.498
175.6934
99.05273
81.65039
50.09766
9.580078
329.5898
282.3047
296.8945
172.002
95.71289
78.57422
46.93359
6.416016
326.5137
279.0527
315.7031
177.8027
115.0488
75.49805
27.59766
355.166
307.793
272.1973
193.2715
69.69727
95.88867
56.68945
24.43359
344.0039
296.8945
268.6816
189.4922
80.15625
92.8125
53.52539
21.26953
340.9277
293.8184
287.666
185.7129
85.42969
82.00195
50.44922
10.01953
337.8516
290.7422
284.0625
182.0215
82.00195
86.66016
47.28516
358.6816
311.2207
262.4414
319.5703
37.61719
107.3145
60.11719
19.86328
347.5195
300.4102
272.7246
193.7988
70.13672
96.32813
57.12891
16.78711
336.5332
289.4238
269.209
180.4395
80.68359
93.33984
54.05273
13.62305
341.4551
294.3457
288.1934
176.748
99.93164
82.44141
50.97656
10.54688
330.4688
283.1836
297.9492
173.1445
96.67969
79.45313
39.81445
7.382813
327.3926
279.9316
294.2578
169.3652
93.42773
76.37695
36.65039
356.0449
308.6719
259.6289
338.9063
57.12891
104.6777
57.56836
17.22656
336.9727
289.8633
283.0957
180.9668
81.12305
85.86914
46.40625
5.888672
333.8965
278.5254
315.0879
167.6953
114.5215
67.14844
27.1582
346.6406
299.5313
271.6699
192.6563
69.16992
95.36133
64.07227
23.90625
343.5645
296.4551
268.1543
188.877
65.74219
92.37305
53.08594
12.65625
340.4883
293.3789
300.4102
185.1855
84.90234
89.29688
42.01172
1.40625
321.6797
273.8672
309.8145
162.5098
110.0391
62.8418
22.67578
342.2461
295.2246
289.248
187.4707
86.92383
91.14258
51.85547
19.51172
339.2578
292.1484
285.7324
183.6914
83.58398
88.06641
48.69141
8.261719
336.1816
289.0723
282.1289
180.0
80.24414
85.07813
45.61523
13.27148
333.1055
285.9082
301.1133
176.3086
99.58008
82.08984
42.53906
10.10742
330.1172
282.832
297.5098
172.7051
96.32813
79.10156
47.54883
7.03125
327.041
287.7539
293.8184
169.0137
93.16406
76.02539
44.38477
3.867188
324.0527
276.416
312.7148
165.3223
112.4121
65.12695
25.04883
344.6191
305.4199
269.3848
190.1953
66.97266
93.42773
62.13867
21.88477
341.543
294.4336
288.457
186.5918
86.13281
90.35156
51.06445
10.63477
338.4668
291.3574
284.8535
182.8125
82.70508
87.36328
47.98828
7.470703
335.3906
288.2813
281.25
179.0332
79.45313
76.55273
36.82617
356.2207
308.8477
259.8047
339.1699
57.39258
104.8535
57.74414
17.40234
337.1484
290.0391
283.3594
181.2305
81.38672
86.04492
46.66992
6.152344
334.0723
286.875
302.168
177.5391
100.5469
75.23438
35.50781
354.9902
307.6172
258.3984
337.5879
55.81055
103.5352
56.42578
16.08398
335.8301
288.7207
281.6895
179.5605
79.89258
84.72656
45.26367
4.746094
332.7539
285.4688
300.5859
175.7813
99.14063
81.65039
42.09961
1.582031
329.6777
282.3047
296.8945
172.002
95.80078
78.57422
38.93555
358.3301
310.957
262.0898
341.6309
59.67773
106.875
59.67773
19.42383
339.1699
292.0605
285.5566
183.6035
83.4082
87.97852
48.60352
16.25977
336.0059
288.8965
295.1367
170.2441
80.06836
84.90234
45.43945
4.921875
332.9297
285.6445
313.9453
176.0449
113.4668
66.18164
34.18945
353.6719
306.3867
256.9922
191.4258
81.82617
86.57227
55.10742
14.76563
334.5996
287.4023
302.7832
178.0664
100.9863
75.67383
35.85938
355.3418
307.9688
258.75
338.0273
56.25
111.9727
64.6875
24.52148
344.0918
296.9824
268.7695
189.5801
66.35742
92.90039
53.61328
13.18359
341.0156
293.9063
287.666
185.8008
85.42969
89.82422
50.44922
10.01953
337.8516
290.7422
284.0625
181.9336
96.06445
78.83789
39.19922
6.679688
326.7773
279.3164
315.9668
159.1699
107.1387
59.94141
19.6875
339.4336
292.3242
285.8203
183.8672
83.67188
88.1543
48.7793
16.43555
336.1816
288.9844
282.041
179.9121
80.15625
84.99023
45.52734
13.0957
332.9297
285.7324
300.8496
176.0449
99.31641
81.82617
42.27539
1.669922
329.7656
282.3926
297.0703
172.1777
95.88867
70.83984
39.02344
358.418
310.957
262.0898
341.7188
59.76563
106.9629
59.76563
19.51172
339.1699
292.0605
285.6445
164.6191
111.7969
64.59961
24.43359
344.0039
296.8945
268.6816
189.4922
66.26953
92.8125
53.52539
13.0957
340.8398
293.7305
287.5781
185.625
85.25391
89.64844
50.27344
9.84375
337.6758
290.4785
283.7988
172.1777
95.88867
78.66211
39.02344
6.503906
326.6016
279.1406
315.791
168.3984
115.0488
67.67578
27.68555
347.168
300.0586
272.2852
193.2715
69.69727
95.88867
56.60156
16.25977
336.0059
288.8965
281.9531
179.7363
80.06836
84.90234
45.43945
4.833984
332.8418
285.6445
300.6738
175.957
99.14063
81.73828
42.1875
9.755859
329.6777
274.043
310.0781
172.1777
110.2148
70.83984
30.84961
350.332
303.1348
275.8008
354.5508
73.21289
98.96484
59.76563
19.51172
347.0801
299.9707
285.5566
183.6035
83.4082
95.80078
56.51367
16.17188
335.918
288.8086
281.7773
179.6484
79.98047
76.99219
37.26563
4.746094
324.9316
277.2949
326.6895
57.74414
105.2051
58.0957
25.92773
345.4102
298.3008
270.2637
191.1621
67.76367
94.13086
54.84375
14.41406
342.1582
295.0488
289.0723
187.207
86.66016
90.9668
51.5918
11.16211
338.9941
291.8848
298.5645
173.7598
97.29492
79.89258
40.3418
0.0
327.9199
280.459
294.7852
169.8926
93.95508
76.81641
37.08984
356.4844
309.1113
260.0684
339.4336
57.56836
105.1172
57.91992
17.57813
345.3223
298.125
270.0879
190.9863
81.47461
86.13281
54.75586
14.32617
334.1602
286.9629
302.2559
177.5391
100.6348
75.23438
35.50781
354.9023
307.6172
258.3105
337.5879
55.81055
103.5352
56.42578
16.08398
343.7402
296.6309
268.418
189.2285
66.00586
92.54883
53.26172
12.83203
340.6641
293.5547
287.3145
185.3613
85.07813
89.47266
50.09766
17.75391
337.5
290.3906
283.7109
181.582
81.65039
86.30859
46.93359
14.58984
334.4238
279.0527
315.7031
168.3105
115.0488
67.67578
27.68555
347.2559
300.0586
272.2852
193.2715
69.69727
95.88867
56.68945
16.34766
336.0938
288.9844
282.041
179.9121
80.15625
84.99023
45.52734
13.18359
333.0176
285.8203
300.9375
176.2207
99.4043
82.00195
42.45117
10.01953
329.9414
282.6563
297.2461
172.4414
96.15234
78.83789
39.28711
6.855469
326.8652
279.4043
293.6426
168.8379
107.4023
68.11523
28.125
347.6074
300.4102
272.7246
193.7988
70.22461
96.32813
65.03906
24.87305
344.4434
297.334
269.209
190.0195
66.79688
93.25195
53.96484
13.62305
341.3672
294.2578
288.1055
176.5723
99.75586
82.26563
50.80078
10.2832
330.293
283.0078
297.6855
172.8809
96.50391
79.18945
39.63867
359.0332
311.6602
262.8809
320.0098
37.96875
107.666
60.46875
28.30078
347.8711
300.6738
272.9883
194.0625
70.48828
96.5918
57.30469
17.05078
344.707
289.5996
296.0156
171.2109
95.09766
77.87109
46.23047
5.712891
325.8984
278.3496
314.9121
167.5195
114.4336
67.06055
26.98242
346.5527
299.4434
271.6699
192.6563
69.08203
95.36133
56.16211
23.99414
343.5645
296.4551
268.1543
188.9648
79.7168
84.63867
53.17383
12.74414
332.666
285.4688
300.498
175.7813
99.05273
81.65039
42.09961
9.667969
329.6777
274.043
310.0781
172.1777
110.2148
63.01758
30.9375
350.4199
303.2227
275.8887
354.7266
73.30078
99.14063
59.94141
19.6875
347.3438
300.2344
272.4609
193.5352
69.96094
96.15234
56.86523
16.61133
344.2676
297.1582
282.3926
180.2637
80.50781
85.3418
45.87891
5.361328
333.3691
286.1719
301.377
176.6602
99.84375
82.35352
42.80273
2.285156
263.0566
320.2734
38.23242
107.8418
60.64453
20.47852
340.1367
293.0273
286.7871
175.2539
98.61328
89.0332
49.6582
9.228516
329.2383
281.8652
283.2715
171.5625
81.29883
86.04492
46.58203
6.064453
334.0723
286.875
302.168
177.5391
100.5469
75.23438
35.41992
354.9023
307.6172
258.3984
337.5879
55.89844
103.623
56.42578
16.17188
335.918
288.8086
281.8652
179.7363
80.06836
84.90234
45.43945
4.921875
325.0195
285.6445
300.7617
176.0449
99.31641
81.91406
42.36328
1.757813
329.8535
282.5684
297.2461
172.4414
96.15234
78.92578
39.28711
358.7695
311.3086
262.5293
319.6582
37.70508
107.4023
60.20508
19.95117
339.6973
292.5879
286.2598
184.2188
84.02344
88.59375
49.21875
16.875
336.6211
289.5117
282.7441
180.6152
80.77148
85.60547
46.14258
13.71094
333.6328
286.4355
301.6406
176.9238
100.1074
74.79492
35.06836
354.5508
307.1777
257.959
337.1484
55.45898
103.1836
48.07617
0.0
327.6563
280.2832
294.6094
169.8047
93.86719
76.72852
37.00195
356.4844
309.1113
260.0684
339.4336
57.65625
105.1172
58.00781
17.75391
337.5
298.3008
270.2637
191.25
67.85156
94.30664
55.01953
14.67773
342.4219
295.4004
289.4238
187.6465
101.0742
83.49609
44.0332
3.427734
323.6133
284.2383
299.1797
164.8828
112.1484
64.86328
24.78516
352.3535
305.0684
269.1211
334.5117
52.99805
101.0742
53.96484
13.53516
333.457
286.2598
301.377
176.6602
99.84375
82.35352
42.89063
2.373047
322.5586
274.834
310.957
163.5645
111.0059
63.7207
31.72852
351.2109
303.9258
254.2676
333.1055
51.67969
99.84375
60.64453
28.56445
348.1348
300.9375
273.3398
184.834
84.55078
88.94531
57.56836
17.31445
337.0605
289.9512
283.1836
181.0547
81.21094
85.95703
46.49414
14.15039
333.9844
286.7871
302.0801
177.3633
100.459
67.23633
27.24609
346.8164
299.6191
271.8457
192.832
69.3457
95.53711
56.33789
15.9082
335.7422
288.5449
281.6016
179.4727
79.80469
84.63867
45.17578
4.658203
332.666
285.4688
300.5859
175.7813
113.291
73.82813
34.01367
353.4961
306.2109
256.8164
335.8301
54.22852
102.1289
54.93164
14.58984
342.334
295.2246
289.248
177.8906
100.8984
75.49805
35.77148
3.339844
323.5254
275.8887
312.0996
164.707
111.8848
64.59961
24.52148
344.0918
296.9824
268.7695
189.5801
66.35742
92.8125
53.61328
13.18359
341.0156
293.9063
287.7539
185.8008
99.49219
82.00195
50.53711
10.01953
330.0293
282.6563
297.334
172.5293
96.24023
78.92578
47.37305
6.855469
326.9531
279.4922
293.6426
168.75
92.98828
75.84961
36.12305
355.6055
308.2324
259.1016
338.3789
56.60156
104.2383
57.04102
24.87305
344.4434
297.334
269.209
190.0195
80.5957
85.3418
45.87891
5.361328
333.3691
286.1719
301.2891
176.5723
99.75586
82.26563
42.80273
2.197266
330.293
282.9199
310.7813
163.3887
110.8301
63.54492
31.55273
350.9473
303.75
254.0039
332.8418
51.41602
99.66797
60.38086
20.21484
347.8711
292.7637
286.4355
184.4824
84.19922
88.68164
57.30469
16.96289
336.7969
289.6875
282.832
180.7031
80.94727
85.69336
46.23047
5.712891
325.8105
278.2617
301.7285
177.0117
100.1074
74.79492
35.06836
354.4629
307.1777
257.8711
337.0605
55.2832
103.0957
55.98633
15.64453
335.3906
296.1914
281.25
188.6133
65.47852
92.10938
52.82227
12.39258
340.2246
293.1152
286.7871
184.9219
98.61328
89.0332
49.74609
9.228516
329.2383
281.8652
296.4551
171.5625
95.36133
78.22266
38.58398
357.9785
310.6055
261.6504
341.2793
59.32617
106.6113
59.41406
19.16016
346.8164
299.6191
271.8457
183.252
97.20703
79.89258
40.3418
7.822266
327.9199
280.459
294.873
169.9805
94.04297
76.9043
37.17773
356.6602
309.2871
260.2441
339.6973
57.83203
105.293
58.18359
17.8418
337.5879
290.4785
283.7988
181.7578
81.82617
86.57227
55.10742
14.76563
334.5996
287.4023
302.7832
178.1543
101.1621
75.76172
36.03516
355.5176
308.1445
259.0137
338.291
56.51367
112.2363
64.95117
24.87305
344.4434
297.334
269.209
190.0195
66.79688
93.33984
54.05273
13.71094
333.5449
286.3477
301.5527
176.8359
100.0195
74.79492
34.98047
354.4629
307.1777
257.959
337.1484
55.37109
103.1836
56.07422
15.73242
343.3887
296.3672
281.3379
179.209
79.62891
84.46289
45.0
12.56836
332.4902
285.293
300.3223
175.6055
98.96484
81.5625
42.01172
9.492188
329.502
282.1289
296.8066
172.002
95.80078
78.57422
38.93555
358.418
310.957
275.8008
354.6387
73.30078
99.05273
59.85352
19.59961
347.2559
300.1465
272.4609
193.4473
83.75977
88.24219
56.86523
16.52344
336.3574
289.1602
282.3047
180.1758
80.41992
85.25391
45.79102
13.44727
333.2813
286.084
301.2891
176.4844
99.66797
82.26563
42.71484
2.197266
330.293
282.9199
297.6855
163.3887
110.8301
63.54492
23.37891
351.0352
303.8379
254.0918
332.9297
65.21484
99.75586
60.55664
20.30273
339.9609
292.9395
286.6113
184.6582
84.375
88.85742
49.48242
9.052734
336.9727
289.8633
283.0957
171.3867
95.27344
78.04688
38.4082
5.976563
326.0742
278.5254
315.0879
167.7832
114.6094
59.32617
19.07227
346.7285
299.5313
271.7578
192.7441
69.25781
95.44922
56.25
15.9082
343.6523
296.543
268.2422
189.0527
65.91797
92.46094
53.17383
12.74414
340.5762
293.4668
300.498
175.7813
99.05273
89.38477
50.09766
9.580078
321.7676
273.9551
309.9023
153.2813
102.1289
55.01953
22.76367
342.334
295.3125
289.3359
187.5586
87.01172
91.23047
51.94336
11.51367
339.3457
292.2363
285.8203
183.8672
97.73438
88.24219
48.86719
8.4375
328.4473
281.0742
295.4883
170.6836
94.57031
77.43164
37.79297
357.1875
317.6367
269.5605
327.3926
157.6758
97.99805
58.71094
18.45703
346.2012
299.0039
271.1426
192.1289
68.64258
95.00977
55.72266
15.38086
335.2148
288.1055
281.0742
178.8574
79.27734
84.19922
44.73633
4.21875
332.2266
285.0293
300.0586
175.2539
98.61328
81.29883
41.66016
1.142578
329.3262
281.9531
309.6387
162.2461
109.8633
62.66602
22.5
350.1563
302.959
275.625
354.375
73.03711
98.87695
59.67773
19.42383
339.1699
292.0605
285.6445
183.6914
83.58398
88.1543
48.7793
8.261719
336.1816
289.0723
282.2168
180.0879
94.48242
85.16602
45.79102
357.1875
309.8145
260.8594
340.3125
58.44727
105.8203
58.71094
18.45703
338.2031
299.0039
271.1426
192.1289
68.64258
95.00977
55.72266
15.38086
343.125
296.0156
267.7148
178.8574
79.27734
84.19922
44.73633
12.30469
332.2266
285.0293
300.0586
175.2539
98.61328
81.29883
41.66016
9.228516
329.2383
281.9531
296.543
171.7383
109.8633
62.66602
22.5
350.0684
302.8711
275.5371
354.375
73.03711
98.87695
59.67773
27.50977
347.0801
299.9707
272.1973
193.1836
69.60938
95.80078
56.60156
16.25977
336.0938
288.9844
282.041
179.9121
80.24414
85.07813
53.61328
13.18359
341.0156
293.9063
287.7539
176.3086
99.49219
82.08984
42.53906
10.10742
330.0293
282.7441
297.4219
172.6172
96.24023
79.01367
47.46094
6.943359
327.041
279.5801
293.8184
169.0137
93.16406
76.11328
36.38672
3.867188
324.0527
276.416
312.7148
165.4102
112.5879
57.39258
17.05078
336.7969
289.6875
296.1035
180.791
80.94727
85.78125
46.31836
5.800781
325.8984
278.4375
315.0
167.6074
114.5215
74.9707
35.24414
354.6387
307.3535
258.1348
337.3242
55.54688
103.3594
56.16211
15.82031
335.6543
288.457
281.5137
179.2969
79.7168
84.55078
45.08789
4.570313
324.668
277.1191
313.5059
166.1133
113.1152
65.83008
25.75195
345.3223
298.2129
270.1758
191.0742
67.67578
94.13086
54.84375
22.58789
342.2461
295.1367
289.1602
187.2949
100.8105
83.23242
43.68164
3.164063
323.3496
275.7129
311.9238
164.5313
111.7969
64.51172
24.43359
344.0039
304.7168
268.6816
189.4043
66.18164
92.72461
61.43555
21.18164
348.8379
293.7305
287.5781
185.625
85.3418
89.64844
50.36133
18.01758
337.7637
290.6543
283.9746
181.9336
81.91406
86.66016
47.19727
6.679688
326.7773
279.3164
315.9668
168.5742
107.2266
60.0293
19.77539
339.4336
292.4121
285.9961
184.043
83.84766
88.33008
48.95508
8.525391
328.5352
281.1621
295.6641
170.7715
94.6582
77.51953
45.87891
5.361328
325.459
277.998
314.4727
167.168
114.082
66.70898
26.63086
346.2012
299.0918
271.2305
192.1289
68.64258
95.00977
55.72266
23.55469
343.125
296.0156
267.7148
188.4375
65.30273
91.93359
52.64648
12.30469
340.1367
293.0273
286.6992
184.834
98.61328
89.0332
49.6582
9.228516
337.0605
289.9512
296.3672
171.5625
95.36133
78.22266
38.58398
6.064453
326.1621
278.7012
315.3516
167.959
114.7852
67.41211
27.42188
354.9023
307.6172
258.3984
337.6758
69.52148
103.623
56.51367
16.17188
336.0059
288.8086
281.9531
179.8242
80.06836
84.90234
45.52734
5.009766
333.0176
285.8203
300.9375
176.2207
99.4043
82.00195
50.53711
10.01953
330.0293
282.7441
297.4219
163.2129
110.6543
63.36914
23.20313
342.8613
295.8398
267.4512
188.2617
65.12695
91.8457
52.55859
12.12891
332.0508
284.8535
299.7949
175.0781
98.4375
81.12305
49.57031
9.140625
329.1504
281.8652
296.3672
171.5625
95.36133
78.22266
38.49609
6.064453
326.1621
278.7012
315.3516
167.959
114.7852
67.41211
27.42188
346.9922
299.8828
272.1094
193.1836
69.60938
95.80078
56.60156
24.43359
344.0039
296.9824
268.7695
189.5801
66.35742
92.98828
53.70117
13.35938
333.2813
285.9961
301.2012
176.4844
99.75586
82.26563
42.71484
10.37109
330.293
283.0078
297.7734
172.9688
110.918
63.7207
23.64258
351.2109
304.0137
254.3555
188.6133
65.47852
92.10938
60.82031
20.6543
340.3125
293.291
273.6035
194.7656
71.10352
97.11914
57.91992
17.66602
345.3223
298.2129
270.2637
191.25
67.85156
94.30664
55.01953
14.67773
342.4219
295.4004
302.7832
168.5742
115.3125
67.93945
27.94922
347.4316
300.3223
272.6367
193.7109
70.13672
96.32813
65.03906
24.87305
344.5313
297.4219
269.3848
190.1953
66.88477
93.42773
54.14063
13.79883
341.6309
286.5234
301.7285
177.0117
100.1953
74.88281
43.24219
2.724609
322.9102
275.2734
311.3965
164.0918
111.4453
64.16016
24.08203
343.6523
304.4531
254.7949
189.1406
52.29492
100.3711
53.26172
12.91992
332.7539
285.5566
300.6738
175.957
99.22852
81.82617
50.27344
9.84375
329.8535
290.6543
284.0625
182.0215
82.08984
86.83594
47.46094
6.943359
327.041
287.8418
293.9063
169.1016
93.25195
76.20117
44.47266
3.955078
324.2285
284.8535
299.7949
165.5859
112.7637
65.47852
25.40039
345.0586
297.9492
269.9121
190.8105
67.5
93.95508
62.66602
22.5
350.1563
302.959
275.625
354.4629
86.83594
91.14258
59.76563
19.59961
339.2578
292.2363
299.0918
174.2871
97.73438
80.50781
40.86914
8.4375
328.5352
281.1621
295.6641
170.8594
94.74609
77.60742
37.96875
5.537109
325.6348
278.1738
314.7363
167.3438
114.2578
66.88477
26.89453
346.4648
299.3555
271.4941
192.4805
82.88086
87.45117
56.07422
15.73242
335.5664
288.457
281.5137
179.3848
79.7168
84.63867
45.17578
12.74414
332.666
285.4688
300.5859
175.8691
99.14063
81.73828
42.27539
1.669922
329.8535
282.4805
310.2539
172.4414
96.15234
78.92578
39.28711
358.7695
311.3086
262.6172
319.7461
37.79297
107.4902
60.29297
20.12695
347.7832
300.6738
272.9883
194.1504
70.48828
96.67969
57.39258
17.13867
336.8848
289.7754
283.0957
180.9668
95.27344
85.95703
46.58203
6.064453
326.1621
286.875
302.168
167.959
114.7852
67.5
27.42188
355.0781
307.7051
258.5742
337.7637
69.69727
103.7988
48.7793
8.261719
336.1816
280.9863
308.4961
161.1914
108.8965
61.69922
21.5332
349.1895
302.0801
274.6582
195.9082
72.1582
98.08594
58.88672
18.63281
346.2891
299.1797
284.7656
182.7246
82.70508
87.36328
47.98828
15.64453
335.4785
288.3691
281.4258
179.2969
93.7793
76.72852
37.00195
4.570313
324.7559
277.207
313.5938
166.2891
113.291
66.00586
25.92773
345.498
298.4766
270.5273
191.4258
68.02734
94.48242
55.19531
23.02734
342.6855
295.5762
267.1875
187.998
64.95117
91.58203
52.29492
11.95313
339.7852
292.6758
299.6191
174.9023
98.34961
80.94727
41.39648
8.964844
328.9746
281.6895
296.1914
171.3867
95.27344
78.13477
38.49609
357.9785
310.6055
261.7383
341.2793
59.41406
106.6992
59.58984
19.33594
339.082
291.9727
285.5566
183.6035
83.49609
88.06641
48.69141
16.34766
336.1816
289.0723
282.2168
180.1758
94.57031
85.25391
45.79102
5.273438
317.6367
269.5605
327.4805
95.09766
55.89844
15.55664
335.3906
288.2813
281.25
179.1211
79.45313
84.375
45.0
12.56836
332.4902
285.293
300.4102
175.6934
98.96484
81.5625
50.09766
9.667969
329.5898
282.3047
296.9824
172.1777
95.97656
78.75
39.19922
358.5938
311.2207
271.0547
306.6504
37.61719
92.98828
75.9375
36.21094
355.6934
308.3203
259.2773
338.5547
56.77734
104.4141
57.30469
17.05078
336.7969
289.6875
283.0078
180.8789
81.12305
85.86914
46.49414
14.0625
333.9844
286.7871
302.0801
177.4512
100.5469
75.23438
35.50781
2.988281
323.2617
275.625
311.8359
164.5313
111.8848
64.59961
24.52148
344.1797
297.0703
268.9453
189.7559
66.5332
93.07617
61.78711
21.62109
341.2793
294.2578
288.1934
186.3281
85.95703
90.26367
58.97461
2.460938
330.6445
283.3594
298.2129
164.0039
97.03125
79.80469
40.25391
0.0
327.832
280.459
294.873
170.0684
94.13086
76.99219
37.35352
356.8359
309.4629
260.5957
340.0488
58.18359
105.6445
58.53516
18.28125
346.0254
298.916
271.0547
182.4609
82.44141
95.00977
55.81055
15.46875
335.3027
296.1914
281.25
188.7012
65.56641
92.19727
52.99805
12.56836
332.4902
285.3809
300.498
175.7813
99.05273
81.65039
50.18555
9.755859
329.7656
282.4805
297.1582
172.3535
96.15234
78.92578
39.28711
6.855469
326.9531
279.5801
293.8184
169.0137
93.25195
76.20117
36.47461
3.955078
324.2285
276.5918
312.9785
165.6738
112.7637
65.47852
25.40039
345.0586
297.9492
270.0
190.8984
67.5
93.95508
54.75586
14.41406
342.2461
295.1367
289.248
187.3828
100.8984
75.58594
35.85938
355.3418
307.9688
258.8379
338.1152
56.42578
104.0625
48.95508
8.525391
328.623
281.25
295.752
170.9473
94.83398
77.69531
38.05664
357.5391
310.166
261.2988
340.8398
58.88672
106.2598
59.15039
18.89648
346.6406
299.5313
271.6699
183.0762
83.05664
87.71484
56.33789
15.99609
335.8301
288.7207
281.7773
179.6484
79.98047
84.90234
45.43945
4.921875
332.9297
285.8203
300.9375
166.7285
113.7305
66.44531
34.45313
353.9355
306.7383
257.4316
191.9531
68.55469
94.83398
63.54492
23.4668
343.125
296.0156
267.7148
188.4375
65.30273
92.02148
60.64453
20.47852
340.1367
301.0254
273.3398
184.9219
70.83984
96.94336
57.74414
17.49023
345.1465
298.0371
270.0879
190.9863
81.5625
94.13086
54.84375
14.50195
342.2461
295.2246
289.248
187.4707
100.9863
75.58594
35.85938
355.3418
308.0566
258.9258
338.2031
56.42578
104.0625
56.95313
24.78516
344.3555
297.334
269.209
180.4395
80.68359
77.69531
37.96875
357.4512
310.0781
269.7363
340.6641
58.79883
106.1719
58.97461
18.7207
346.377
291.3574
284.8535
182.9004
82.79297
87.45117
56.07422
15.73242
335.5664
288.3691
281.4258
179.2969
79.7168
84.55078
45.17578
12.74414
332.666
285.4688
300.498
175.7813
99.14063
81.73828
42.1875
9.755859
329.7656
282.3926
297.0703
172.2656
96.06445
78.83789
39.19922
358.6816
311.2207
262.4414
319.6582
37.61719
107.3145
60.20508
19.95117
339.6973
292.5879
286.2598
184.3066
84.11133
88.59375
49.30664
16.96289
336.709
289.5996
296.0156
171.2109
95.09766
77.95898
46.31836
5.800781
325.8984
278.4375
315.0
167.6953
114.5215
67.14844
27.1582
354.7266
307.4414
258.2227
337.4121
55.72266
103.4473
56.33789
16.08398
343.8281
296.7188
268.5059
179.6484
79.98047
84.81445
45.43945
13.00781
332.9297
285.7324
300.8496
166.6406
113.5547
58.35938
18.10547
345.7617
298.6523
284.1504
182.1094
82.17773
86.83594
47.46094
15.0293
334.8633
287.7539
280.7227
178.5059
93.16406
83.93555
44.47266
3.955078
324.1406
284.7656
312.8906
165.498
112.6758
65.39063
25.3125
352.8809
305.6836
256.2012
335.2148
53.70117
101.6895
54.58008
14.15039
334.0723
286.875
302.168
177.5391
100.6348
75.32227
35.50781
3.076172
323.3496
275.625
311.9238
164.5313
111.7969
64.51172
24.43359
344.0918
296.9824
268.8574
189.668
66.44531
92.98828
53.70117
21.44531
341.1914
294.082
288.0176
186.1523
85.78125
90.08789
50.80078
18.54492
338.291
291.1816
284.5898
182.6367
82.61719
87.27539
47.90039
7.382813
327.4805
280.1074
281.25
179.1211
79.45313
84.375
52.91016
12.48047
332.4023
285.2051
300.2344
175.5176
98.87695
81.47461
49.92188
9.492188
329.4141
282.1289
296.7188
162.5098
110.0391
62.8418
22.67578
342.334
295.2246
289.248
187.4707
86.92383
91.23047
51.94336
11.51367
339.3457
292.2363
285.9082
174.375
97.82227
80.50781
48.95508
8.525391
328.5352
281.1621
295.6641
170.7715
94.74609
77.60742
37.88086
5.449219
325.5469
278.0859
314.5605
157.8516
105.9961
58.88672
18.63281
338.291
299.1797
284.6777
182.6367
82.61719
87.27539
47.90039
15.46875
335.3027
288.1055
281.0742
178.9453
79.36523
84.28711
52.82227
12.39258
332.3145
285.1172
300.1465
175.3418
98.70117
81.29883
41.74805
9.316406
329.3262
282.041
296.6309
171.7383
95.53711
78.39844
38.75977
358.2422
310.7813
261.9141
341.543
59.58984
106.875
59.67773
19.51172
339.1699
292.0605
285.6445
183.6914
83.58398
88.1543
48.7793
8.261719
328.3594
280.9863
295.4004
170.5078
94.48242
77.34375
37.70508
5.273438
317.5488
269.3848
327.3047
58.35938
105.8203
66.5332
26.54297
346.1133
299.0039
271.0547
192.041
68.64258
94.92188
63.63281
23.4668
343.125
303.9258
267.7148
188.4375
65.30273
99.84375
60.64453
20.39063
348.0469
300.8496
286.6992
184.7461
84.55078
88.94531
49.6582
17.31445
337.0605
289.9512
283.1836
181.1426
81.29883
86.04492
46.66992
6.152344
334.0723
286.9629
315.3516
168.0469
114.873
67.5
27.50977
355.0781
307.7051
258.5742
337.7637
69.60938
103.7109
56.60156
16.25977
336.0938
288.9844
282.041
180.0
80.24414
85.07813
53.61328
13.27148
333.1055
285.9961
301.1133
176.3965
99.66797
82.26563
42.71484
2.197266
330.293
283.0078
297.6855
172.9688
110.918
63.7207
31.64063
351.2109
304.0137
254.2676
333.1934
51.76758
99.93164
60.73242
20.56641
348.2227
301.1133
273.5156
194.6777
70.92773
97.03125
57.83203
17.49023
337.3242
282.041
283.4473
171.8262
95.625
86.30859
46.8457
6.328125
326.4258
278.9648
315.7031
168.3105
115.0488
75.58594
35.85938
355.2539
307.9688
258.8379
338.1152
56.33789
104.0625
56.86523
16.61133
336.3574
297.2461
282.4805
180.3516
80.5957
85.42969
53.96484
13.62305
333.5449
286.3477
301.5527
176.8359
100.0195
74.79492
34.98047
354.4629
307.1777
257.959
337.1484
55.45898
103.2715
56.16211
15.9082
335.6543
288.5449
281.6895
179.5605
79.89258
84.72656
45.35156
4.833984
324.9316
277.3828
313.8574
166.5527
113.4668
66.18164
26.10352
345.7617
298.6523
270.7031
191.6895
68.29102
94.6582
63.36914
23.20313
342.8613
303.6621
253.916
332.8418
65.12695
99.66797
60.46875
20.21484
339.9609
292.8516
286.6113
184.6582
84.46289
88.94531
57.56836
17.22656
337.0605
289.9512
283.1836
181.1426
81.29883
86.04492
38.58398
358.0664
310.6934
275.5371
354.2871
72.94922
98.78906
67.5
27.50977
347.0801
299.9707
272.1973
193.1836
69.60938
95.88867
56.68945
16.34766
344.0918
288.9844
282.1289
180.0
80.33203
92.98828
53.70117
13.35938
341.1035
294.082
287.9297
176.4844
99.66797
82.26563
42.71484
10.2832
330.2051
291.0059
284.502
182.4609
82.44141
87.09961
47.72461
7.294922
335.2148
288.1055
281.0742
178.8574
93.51563
76.37695
44.73633
4.21875
324.4043
276.8555
313.1543
165.8496
112.9395
65.56641
25.57617
345.1465
298.0371
270.0
190.8984
67.58789
93.95508
54.75586
22.5
342.1582
295.0488
289.0723
187.2949
86.74805
91.05469
51.76758
11.25
339.1699
292.0605
285.6445
183.6035
83.49609
88.06641
48.69141
8.173828
336.0938
288.9844
295.2246
170.4199
94.39453
77.25586
45.61523
5.097656
325.1953
277.7344
314.209
166.8164
105.7324
58.62305
18.28125
338.0273
290.918
284.3262
182.2852
82.26563
86.92383
47.54883
7.03125
334.9512
287.8418
293.9063
178.5938
93.16406
76.11328
44.47266
3.955078
324.1406
284.6777
299.707
165.4102
112.5
73.125
33.31055
352.793
305.5078
256.0254
335.0391
53.4375
101.4258
54.22852
13.88672
333.7207
286.6113
301.8164
186.6797
100.1953
74.9707
35.15625
2.724609
322.9102
275.1855
311.3965
164.0039
97.03125
79.7168
40.16602
0.0
327.7441
280.2832
294.6094
169.8047
93.86719
76.72852
37.00195
4.570313
324.7559
277.1191
313.5938
166.2012
113.2031
65.91797
25.83984
345.4102
298.3008
270.3516
191.25
67.85156
94.21875
54.93164
22.76367
342.4219
295.3125
289.3359
187.5586
87.01172
91.23047
51.94336
19.6875
339.3457
292.3242
285.9082
183.9551
83.75977
88.33008
48.95508
8.525391
328.5352
281.25
282.4805
170.8594
109.0723
61.875
21.70898
341.3672
294.3457
288.2813
186.416
85.95703
90.35156
58.97461
18.7207
338.4668
291.3574
284.8535
182.8125
82.79297
87.45117
48.07617
7.558594
327.6563
280.1953
294.6094
169.7168
93.7793
76.72852
37.00195
356.4844
309.1113
268.6816
339.4336
57.56836
105.1172
58.00781
17.66602
345.3223
298.2129
270.2637
191.1621
67.76367
94.21875
54.93164
14.58984
334.4238
287.2266
302.6074
177.8906
100.9863
75.58594
35.85938
3.339844
323.6133
275.9766
312.1875
164.7949
111.9727
64.6875
24.60938
344.1797
297.1582
268.9453
189.7559
66.5332
93.07617
61.69922
21.5332
341.1914
301.9922
274.4824
186.0645
85.69336
90.08789
50.71289
18.36914
338.1152
291.0059
284.4141
182.373
82.35352
87.01172
55.63477
15.29297
335.127
287.9297
280.8984
178.7695
93.33984
76.28906
36.5625
4.042969
324.2285
276.5918
312.9785
156.2695
104.5898
57.48047
17.22656
336.9727
289.7754
296.2793
171.3867
95.27344
78.04688
38.4082
5.976563
326.0742
278.5254
315.1758
167.7832
114.6094
67.23633
27.24609
346.8164
307.4414
258.2227
337.4121
55.72266
103.4473
56.33789
15.99609
335.8301
288.6328
281.7773
179.5605
79.89258
84.72656
45.26367
4.746094
332.7539
285.5566
313.8574
166.4648
113.4668
66.09375
26.01563
353.6719
298.5645
270.5273
191.5137
68.11523
94.48242
63.10547
23.02734
342.5977
295.4883
267.0996
187.8223
64.77539
91.49414
52.20703
19.86328
339.6094
292.5
286.084
184.1309
83.93555
88.41797
49.04297
8.613281
336.4453
289.3359
282.4805
180.3516
80.5957
85.42969
45.9668
5.449219
325.5469
278.0859
314.5605
167.168
114.082
66.70898
26.63086
346.2012
299.0918
271.1426
192.1289
68.64258
95.00977
55.72266
15.38086
343.125
296.0156
280.9863
169.2773
93.42773
76.28906
36.65039
4.130859
324.3164
276.6797
313.0664
165.6738
112.7637
65.39063
25.3125
344.8828
297.7734
269.7363
190.5469
67.23633
93.69141
54.49219
14.0625
333.8965
294.6973
288.7207
177.2754
100.3711
75.05859
43.41797
2.8125
323.0859
275.3613
311.5723
164.1797
111.4453
64.24805
24.08203
351.7383
304.4531
254.8828
333.7207
52.29492
100.459
53.26172
12.91992
332.7539
285.5566
300.6738
175.8691
99.14063
81.73828
50.18555
9.755859
329.6777
282.3926
297.0703
172.2656
110.3027
70.92773
31.02539
350.5078
303.3105
253.5645
332.3145
50.97656
107.2266
60.0293
19.86328
339.5215
292.5
286.084
184.1309
84.02344
88.50586
49.13086
16.78711
336.6211
289.4238
282.6563
180.5273
80.77148
85.60547
46.14258
5.625
333.6328
286.4355
301.6406
176.9238
100.1074
74.79492
35.06836
2.548828
322.8223
257.959
337.1484
55.45898
103.2715
56.07422
15.73242
335.5664
288.457
281.5137
179.3848
79.7168
84.55078
45.08789
4.570313
332.5781
285.3809
300.498
175.6934
99.05273
81.65039
42.09961
1.582031
329.6777
274.043
310.0781
162.6855
110.2148
63.01758
22.93945
350.5078
303.3105
276.0645
354.8145
73.47656
99.22852
60.0293
27.94922
347.4316
300.3223
272.6367
193.7109
70.13672
96.24023
64.95117
24.87305
344.4434
297.334
269.209
190.1074
66.79688
93.33984
54.05273
21.88477
341.543
294.4336
288.2813
176.9238
100.0195
74.79492
43.06641
2.548828
322.8223
275.0977
311.2207
163.916
111.1816
63.98438
23.81836
351.4746
304.1895
268.0664
188.877
65.74219
92.37305
53.08594
20.74219
340.4883
293.3789
287.1387
185.2734
98.96484
81.5625
50.09766
9.580078
329.5898
282.3047
296.8945
172.0898
95.80078
78.57422
47.02148
6.503906
326.6016
270.791
328.7988
158.9941
107.0508
59.94141
19.6875
339.3457
292.3242
272.4609
193.5352
69.96094
96.15234
56.95313
16.61133
336.3574
289.248
282.3926
180.2637
80.50781
85.3418
346.2012
299.0918
271.2305
192.2168
68.73047
95.00977
55.81055
15.46875
335.3027
288.1055
267.8027
188.6133
79.36523
84.28711
52.82227
12.39258
332.3145
285.1172
300.1465
175.3418
98.70117
81.29883
41.74805
9.316406
329.3262
282.041
296.6309
171.8262
95.625
78.39844
38.75977
6.240234
326.3379
278.877
315.5273
168.2227
114.9609
67.67578
27.59766
347.168
300.0586
272.373
193.3594
69.87305
88.1543
56.86523
16.52344
336.2695
289.1602
282.3047
180.1758
80.50781
85.3418
45.87891
5.361328
333.3691
286.1719
301.4648
176.748
99.93164
82.44141
42.97852
354.375
307.0898
257.8711
337.0605
55.37109
103.0957
55.98633
15.64453
335.4785
288.3691
281.3379
169.7168
93.7793
76.72852
37.00195
4.570313
324.668
277.1191
313.5938
166.2012
113.2031
65.91797
25.83984
345.498
298.3887
270.3516
191.25
67.85156
102.2168
55.01953
14.67773
334.5117
287.4023
302.7832
178.0664
101.0742
75.76172
35.94727
355.4297
308.1445
259.0137
338.291
56.51367
104.1504
57.04102
24.78516
344.4434
297.334
269.209
180.4395
66.79688
85.51758
46.05469
13.71094
333.5449
286.4355
301.6406
176.9238
100.1074
74.88281
35.06836
354.5508
307.2656
266.6602
324.2285
55.45898
111.2695
64.07227
23.90625
343.5645
296.4551
268.1543
188.9648
79.7168
84.55078
53.17383
12.74414
332.666
285.4688
300.5859
175.8691
99.14063
81.73828
50.18555
9.755859
329.7656
282.4805
297.0703
172.2656
95.97656
71.01563
31.11328
350.5957
303.3984
253.6523
332.4902
51.15234
107.4023
60.20508
20.03906
339.6973
292.5879
286.2598
184.3066
84.11133
88.59375
49.30664
8.789063
328.8867
281.5137
296.0156
171.2109
95.00977
77.87109
46.31836
5.800781
325.8984
278.4375
315.0
167.6074
114.4336
67.06055
27.07031
354.6387
299.5313
271.6699
192.6563
69.16992
95.44922
64.16016
23.99414
343.5645
296.4551
268.2422
189.0527
65.91797
92.46094
53.26172
21.00586
340.6641
293.5547
287.4023
185.5371
85.16602
89.56055
50.27344
9.84375
329.8535
282.5684
297.2461
172.4414
96.15234
78.92578
39.28711
6.855469
326.9531
279.4922
293.7305
168.8379
107.4023
60.29297
20.03906
347.6953
300.5859
272.9004
193.9746
70.40039
96.50391
57.30469
16.96289
344.707
297.5977
269.5605
190.3711
67.14844
93.60352
54.31641
22.06055
341.7188
294.6094
288.5449
186.7676
86.30859
74.9707
43.33008
2.724609
322.998
275.2734
311.4844
164.0918
111.4453
64.16016
24.08203
351.6504
304.4531
254.8828
333.8086
66.00586
92.54883
61.25977
21.00586
340.6641
293.6426
287.4023
185.5371
85.25391
89.64844
50.27344
17.92969
337.6758
290.5664
283.8867
172.3535
96.06445
86.66016
47.19727
6.679688
326.7773
279.3164
316.0547
168.6621
115.4004
67.93945
27.94922
347.5195
300.4102
259.0137
338.3789
56.60156
104.1504
57.04102
16.69922
336.5332
289.4238
282.5684
180.4395
80.68359
85.42969
46.05469
13.62305
333.457
286.3477
301.5527
176.748
99.93164
82.44141
42.89063
2.373047
330.4688
283.1836
297.9492
163.6523
111.0938
63.80859
23.64258
343.3008
304.0137
254.3555
188.6133
65.39063
92.10938
60.73242
20.47852
340.2246
293.1152
286.875
184.9219
84.63867
89.0332
57.65625
17.31445
337.0605
289.9512
283.1836
181.1426
95.36133
78.13477
38.49609
357.9785
310.5176
261.6504
341.1914
59.23828
106.5234
59.41406
27.24609
346.8164
299.6191
271.8457
192.832
69.25781
95.53711
56.33789
15.99609
335.7422
288.6328
281.6016
179.4727
79.80469
84.63867
45.17578
4.658203
332.666
285.3809
300.498
175.6934
98.96484
73.74023
42.01172
1.40625
329.502
282.1289
296.7188
162.4219
109.9512
62.75391
22.58789
350.1563
302.959
289.1602
187.2949
86.74805
90.9668
51.67969
19.33594
339.082
291.9727
285.4688
183.5156
83.4082
87.97852
48.51563
8.085938
328.0957
280.6348
295.0488
170.1563
94.13086
76.99219
45.35156
4.833984
324.9316
277.3828
313.7695
166.4648
113.3789
66.09375
26.01563
345.5859
298.3887
270.4395
191.3379
67.93945
94.30664
55.01953
14.58984
342.334
287.2266
302.6074
187.4707
86.92383
91.14258
51.85547
11.42578
331.2598
283.9746
298.8281
164.5313
103.7109
56.60156
16.25977
343.916
296.8066
268.5938
179.7363
80.06836
84.90234
53.4375
13.00781
340.752
293.6426
287.4902
175.957
85.16602
89.56055
50.18555
9.667969
329.6777
282.3047
296.8945
172.0898
95.80078
78.57422
38.93555
358.3301
310.957
262.0898
341.6309
59.67773
106.875
59.76563
19.42383
347.0801
299.9707
285.5566
183.5156
83.4082
95.80078
56.51367
16.17188
335.918
288.8086
281.8652
179.6484
79.98047
84.81445
45.35156
4.833984
332.7539
277.3828
313.7695
166.377
113.3789
66.00586
25.92773
345.498
298.3008
270.3516
191.25
67.85156
94.21875
62.8418
22.67578
342.334
295.2246
289.248
187.3828
86.83594
91.05469
51.76758
11.33789
339.1699
292.0605
285.6445
183.6035
83.49609
87.97852
48.69141
8.173828
328.1836
280.8105
295.1367
170.332
94.21875
84.90234
45.43945
4.921875
325.0195
277.4707
326.9531
157.1484
105.4688
58.27148
17.92969
337.6758
290.5664
283.8867
181.7578
81.82617
86.57227
47.10938
6.591797
326.6895
279.1406
315.791
168.4863
115.1367
67.76367
27.77344
355.3418
307.9688
272.373
193.3594
69.78516
95.97656
56.77734
24.52148
344.0918
296.9824
268.7695
189.5801
66.35742
92.8125
53.52539
13.0957
340.9277
293.8184
287.5781
185.7129
85.3418
89.73633
50.36133
9.931641
329.8535
282.5684
297.1582
172.3535
96.06445
78.75
47.19727
6.679688
326.6895
279.2285
315.8789
159.1699
107.1387
59.94141
19.6875
347.3438
292.2363
285.8203
183.7793
83.67188
88.1543
48.7793
8.349609
336.1816
289.0723
282.1289
180.0
80.24414
85.07813
45.61523
13.18359
333.1055
285.8203
300.9375
176.2207
99.4043
81.91406
50.36133
9.931641
329.9414
282.5684
297.2461
172.4414
96.06445
78.83789
39.19922
350.5957
303.3105
276.0645
354.8145
73.47656
99.22852
60.0293
19.77539
339.4336
292.3242
285.9082
183.8672
83.75977
88.24219
48.86719
8.349609
336.2695
280.9863
295.4004
170.5078
94.48242
77.34375
45.70313
5.185547
325.2832
277.7344
314.209
166.8164
113.7305
66.44531
26.36719
345.9375
298.7402
270.791
336.3574
54.75586
102.5684
55.45898
15.0293
334.8633
287.666
280.6348
178.418
78.92578
83.84766
44.29688
3.779297
323.9648
276.3281
312.627
165.2344
112.4121
65.12695
25.04883
352.6172
305.332
255.8496
334.7754
66.88477
93.33984
54.14063
21.88477
341.4551
294.4336
288.2813
186.416
86.04492
90.35156
58.97461
18.7207
338.3789
291.3574
284.7656
182.7246
82.70508
87.36328
47.98828
7.470703
335.3906
288.1934
294.4336
169.541
93.60352
84.28711
44.82422
4.306641
324.4922
276.8555
313.2422
165.8496
112.9395
65.6543
17.40234
337.2363
290.0391
283.3594
181.2305
81.38672
86.13281
54.75586
14.32617
334.1602
287.0508
302.3438
177.627
100.6348
75.32227
35.5957
355.0781
307.7051
258.5742
337.8516
56.07422
103.7988
56.60156
16.34766
344.0918
296.8945
282.1289
180.0
80.33203
92.98828
53.70117
13.27148
341.1035
293.9941
287.9297
176.3965
99.66797
82.17773
42.71484
10.2832
330.2051
282.9199
297.6855
172.8809
96.50391
79.27734
39.63867
0.0
327.3047
279.8438
294.1699
169.2773
93.42773
76.28906
36.65039
356.0449
308.7598
259.7168
338.9941
57.2168
104.7656
57.65625
17.31445
337.1484
290.0391
283.2715
181.2305
81.38672
86.13281
54.66797
14.32617
334.1602
286.9629
302.2559
177.627
100.6348
75.32227
35.50781
354.9902
307.7051
258.4863
337.7637
55.98633
103.7109
56.60156
24.3457
352.002
304.7168
255.1465
334.1602
52.64648
100.7227
45.61523
5.097656
325.1953
285.9082
314.209
166.8164
99.49219
74.26758
42.62695
2.109375
322.2949
274.5703
310.6934
163.3008
110.7422
63.45703
31.46484
350.9473
303.75
254.0918
332.9297
51.50391
99.75586
60.55664
20.30273
347.959
300.8496
273.252
194.3262
70.66406
96.76758
57.56836
17.31445
337.0605
289.9512
283.1836
181.1426
81.29883
86.04492
46.58203
6.152344
334.0723
286.875
302.168
177.4512
100.5469
75.23438
35.50781
354.9902
307.6172
258.3984
337.6758
69.52148
95.71289
64.42383
24.3457
343.916
296.8066
268.5938
189.4043
66.18164
92.8125
61.43555
21.26953
340.9277
301.7285
287.666
185.8008
71.63086
97.64648
58.44727
18.19336
337.9395
290.8301
284.2383
182.1973
82.26563
86.92383
47.46094
7.03125
334.9512
287.7539
280.7227
178.5938
79.01367
83.93555
44.47266
3.955078
331.9629
284.6777
312.8027
165.498
104.5898
57.39258
17.13867
336.8848
289.7754
283.0078
180.8789
81.03516
85.78125
46.40625
5.888672
326.0742
286.6992
301.9922
167.7832
114.6094
67.23633
35.33203
354.8145
307.4414
258.2227
337.5
55.72266
103.5352
56.33789
24.16992
343.7402
296.6309
268.418
189.1406
66.00586
92.63672
53.34961
12.91992
340.752
293.6426
300.7617
185.5371
85.25391
89.64844
50.27344
9.84375
329.8535
282.4805
297.1582
172.3535
96.06445
78.83789
39.19922
358.6816
311.2207
271.0547
342.0703
159.2578
99.31641
60.11719
28.03711
347.5195
300.4102
272.7246
193.7988
70.13672
96.32813
57.12891
16.78711
344.4434
297.334
282.5684
180.4395
80.68359
85.51758
54.05273
13.62305
333.5449
286.3477
301.5527
176.8359
100.0195
74.79492
34.98047
354.4629
307.1777
266.5723
337.0605
55.37109
111.1816
63.89648
23.81836
343.3887
296.3672
268.0664
179.209
93.7793
76.64063
36.91406
356.3965
309.0234
268.6816
339.4336
57.56836
105.1172
58.00781
17.66602
345.4102
298.3008
270.2637
191.1621
67.85156
94.21875
55.01953
14.67773
342.4219
295.3125
289.3359
177.9785
101.0742
75.67383
35.94727
355.4297
308.0566
258.9258
338.2031
56.42578
104.1504
56.95313
16.69922
336.4453
297.2461
269.209
180.4395
80.68359
85.42969
46.05469
13.62305
333.5449
286.3477
301.5527
176.8359
114.1699
66.88477
26.80664
354.375
307.0898
257.7832
336.9727
68.90625
95.18555
63.89648
23.73047
343.3887
296.2793
267.9785
188.7012
65.56641
92.19727
52.91016
12.56836
340.3125
293.2031
286.9629
185.0977
98.78906
81.38672
49.83398
9.404297
329.4141
282.041
296.7188
171.8262
95.625
78.48633
38.75977
358.2422
310.8691
262.002
341.6309
59.67773
106.875
59.76563
19.51172
347.168
300.0586
272.2852
183.6914
83.58398
88.06641
48.7793
8.261719
328.2715
280.8984
295.3125
170.5078
94.39453
77.25586
37.61719
5.097656
325.2832
277.7344
314.209
166.8164
113.7305
66.44531
26.36719
345.9375
298.8281
270.8789
191.7773
68.37891
94.6582
55.45898
15.0293
334.8633
287.666
280.6348
178.418
78.92578
83.84766
44.29688
3.779297
323.9648
276.3281
312.627
165.2344
112.4121
65.12695
25.04883
344.6191
305.332
255.7617
334.7754
53.26172
101.25
54.14063
21.88477
341.543
294.4336
288.3691
186.5039
86.13281
90.43945
51.15234
10.63477
338.5547
291.4453
284.8535
173.3203
96.85547
79.62891
39.99023
7.558594
327.5684
280.1953
294.5215
169.6289
108.0176
60.82031
28.74023
348.3105
301.1133
273.5156
194.6777
71.01563
97.03125
57.83203
25.66406
345.2344
298.125
270.0879
190.9863
67.58789
94.04297
54.75586
14.41406
342.1582
295.0488
302.4316
177.627
100.7227
75.41016
35.5957
355.0781
307.7051
267.1875
337.7637
55.98633
103.7109
56.51367
16.25977
343.916
296.8066
268.5938
179.8242
80.15625
92.72461
53.52539
13.0957
333.0176
285.8203
300.9375
176.1328
99.4043
81.91406
50.44922
10.01953
329.9414
290.7422
297.334
172.5293
96.15234
78.92578
39.28711
6.855469
326.9531
279.4922
293.7305
168.8379
93.07617
76.02539
36.29883
355.6934
308.4082
259.2773
338.6426
56.86523
104.4141
57.30469
16.96289
344.6191
297.5098
269.4727
180.7031
66.97266
85.69336
54.22852
13.88672
333.7207
286.5234
301.7285
177.0117
100.1953
74.88281
43.24219
2.636719
322.9102
283.4473
298.2129
163.916
111.2695
64.07227
23.90625
351.5625
304.2773
254.6191
333.5449
65.74219
100.1953
53.08594
12.65625
332.5781
285.3809
300.4102
175.6055
98.96484
81.5625
42.01172
9.580078
321.7676
273.9551
309.9023
162.5977
102.1289
54.93164
22.76367
342.334
295.2246
289.3359
187.5586
87.01172
91.23047
51.94336
11.51367
339.3457
292.2363
285.8203
183.8672
83.75977
88.24219
48.95508
8.4375
328.4473
281.0742
295.4883
170.6836
94.57031
77.43164
45.79102
5.273438
325.459
277.9102
314.3848
166.9922
113.9063
66.62109
26.54297
346.1133
299.0039
271.1426
79.10156
84.02344
44.56055
4.042969
324.1406
284.7656
312.8906
165.498
112.6758
65.39063
25.22461
344.7949
297.6855
269.6484
190.459
67.14844
93.60352
54.31641
13.97461
341.7188
294.6094
288.5449
186.7676
100.2832
82.70508
43.24219
2.724609
322.9102
283.4473
298.2129
163.916
111.2695
63.98438
31.99219
351.4746
304.1895
254.5313
333.457
51.94336
100.1074
52.99805
4.394531
324.5801
277.0313
313.418
166.0254
113.0273
65.74219
25.66406
345.1465
298.0371
270.0
190.8984
67.5
101.8652
54.66797
14.32617
334.0723
286.9629
302.168
177.4512
100.5469
75.23438
35.41992
354.8145
307.5293
258.2227
337.4121
55.72266
103.4473
56.25
15.9082
343.6523
296.543
268.2422
189.0527
79.80469
84.63867
53.17383
12.74414
332.5781
293.3789
300.4102
185.1855
98.87695
81.47461
50.00977
9.492188
329.502
282.1289
296.7188
171.9141
95.71289
78.48633
38.75977
358.2422
310.7813
261.9141
341.543
59.50195
106.7871
59.58984
19.33594
346.9922
291.9727
285.4688
183.4277
83.32031
87.89063
48.51563
16.17188
335.918
288.8086
281.8652
179.6484
94.13086
77.08008
45.43945
4.921875
325.0195
277.4707
313.9453
166.5527
113.4668
66.18164
26.10352
345.6738
298.5645
270.5273
191.5137
68.11523
94.39453
55.19531
14.76563
334.5996
287.4902
302.8711
178.1543
101.1621
75.76172
36.03516
355.4297
308.1445
258.9258
338.2031
56.42578
104.0625
56.86523
16.61133
344.2676
289.248
282.3926
180.2637
80.50781
85.25391
53.78906
13.44727
333.2813
286.084
301.2012
186.0645
85.60547
90.0
50.625
18.28125
338.0273
290.918
284.2383
182.1973
82.26563
86.92383
47.54883
6.943359
327.041
287.7539
293.8184
168.9258
93.07617
76.02539
44.29688
3.779297
323.9648
276.3281
312.627
165.2344
112.4121
65.12695
24.96094
352.5293
305.332
255.7617
334.7754
53.17383
101.1621
54.05273
13.62305
333.457
286.2598
301.4648
176.748
99.93164
82.44141
50.88867
10.45898
330.4688
283.0957
297.8613
172.9688
96.5918
79.36523
39.72656
0.0
327.3926
279.9316
294.1699
159.9609
107.8418
60.55664
20.39063
348.0469
300.8496
273.252
194.3262
84.46289
88.94531
41.48438
9.052734
329.0625
281.6895
296.2793
171.3867
95.27344
78.04688
38.4082
357.8027
310.4297
261.5625
341.1035
158.3789
98.52539
59.23828
27.1582
346.6406
299.5313
271.6699
192.6563
69.16992
95.36133
56.16211
23.90625
343.5645
296.4551
268.1543
188.9648
65.74219
92.37305
53.08594
12.65625
340.4883
293.3789
300.4102
185.1855
84.90234
89.29688
50.00977
9.492188
329.502
282.1289
296.7188
171.9141
95.625
78.39844
38.75977
358.2422
310.7813
261.9141
341.4551
59.50195
106.7871
59.58984
19.33594
338.9941
291.8848
285.3809
183.3398
83.23242
87.80273
48.42773
16.08398
335.8301
288.7207
281.7773
179.5605
79.89258
84.72656
45.26367
4.746094
332.7539
285.4688
313.6816
166.2891
113.291
66.00586
25.92773
353.4961
306.123
256.7285
335.7422
54.14063
102.041
54.84375
14.50195
334.3359
287.1387
302.4316
177.7148
114.9609
67.58789
19.42383
347.0801
299.8828
272.1094
183.5156
83.4082
95.80078
56.51367
16.17188
336.0059
288.8086
281.8652
179.7363
79.98047
84.81445
45.35156
12.91992
332.8418
285.5566
300.6738
175.8691
113.3789
66.09375
34.10156
353.4961
306.2109
256.8164
335.918
54.22852
102.1289
55.01953
14.58984
334.4238
287.2266
302.6074
177.8906
100.8984
75.49805
35.77148
355.166
307.793
258.5742
337.8516
56.07422
103.7109
56.60156
16.25977
343.916
296.8066
281.9531
189.4043
80.06836
92.72461
53.4375
13.00781
332.9297
285.6445
300.7617
176.0449
99.22852
81.82617
50.27344
9.84375
329.7656
282.4805
297.0703
172.2656
95.97656
78.75
39.02344
6.591797
326.6895
279.1406
315.791
168.3984
115.1367
67.76367
27.77344
347.2559
300.0586
272.373
193.3594
69.78516
95.97656
56.68945
16.34766
336.0938
288.9844
282.041
170.4199
94.30664
77.16797
37.44141
356.9238
309.4629
260.5078
339.873
58.00781
105.4688
58.27148
17.92969
337.6758
290.5664
283.8867
181.8457
81.91406
86.57227
47.10938
14.76563
334.5117
287.3145
302.6953
177.9785
100.9863
75.58594
35.85938
355.2539
307.9688
258.75
337.9395
56.16211
103.7988
48.69141
16.34766
336.0938
288.9844
282.041
179.8242
80.15625
84.90234
45.43945
13.00781
332.9297
285.6445
300.7617
175.957
99.22852
81.73828
42.1875
9.755859
329.7656
282.3926
296.9824
172.1777
110.2148
70.83984
30.84961
350.332
303.1348
275.8008
354.5508
73.21289
98.96484
59.76563
19.51172
339.1699
292.0605
285.6445
183.6035
83.49609
87.97852
48.60352
8.085938
336.0059
288.8086
295.0488
170.2441
94.21875
77.08008
45.35156
4.833984
324.9316
277.3828
313.7695
166.377
113.3789
66.00586
25.92773
345.498
298.3008
270.2637
181.4941
81.65039
86.30859
46.8457
14.50195
334.248
287.0508
302.3438
177.627
100.6348
75.32227
35.50781
3.076172
323.2617
275.5371
311.6602
164.2676
111.5332
64.24805
24.16992
343.7402
296.6309
268.3301
189.0527
65.91797
92.46094
53.17383
20.91797
340.5762
293.3789
287.1387
185.1855
98.87695
81.47461
41.92383
9.404297
329.4141
282.041
296.543
171.7383
95.44922
78.22266
38.58398
357.9785
310.5176
261.6504
341.1914
59.23828
106.5234
59.41406
19.07227
346.7285
299.6191
271.7578
183.0762
82.96875
95.36133
56.16211
15.82031
343.5645
296.3672
268.0664
188.877
79.62891
84.46289
52.99805
12.56836
332.4023
285.1172
300.1465
175.3418
98.70117
81.21094
41.66016
9.228516
329.1504
281.7773
296.2793
161.9824
109.5996
62.31445
22.14844
341.8066
302.5195
275.0977
186.6797
86.2207
98.34961
59.15039
18.80859
330.6445
283.3594
298.125
173.2324
96.76758
79.54102
39.90234
7.382813
327.4805
280.0195
294.2578
169.3652
93.42773
76.37695
36.5625
356.0449
308.6719
259.541
338.8184
56.95313
104.502
57.39258
17.05078
344.707
297.5977
282.832
180.7031
66.97266
93.42773
54.14063
13.71094
333.6328
286.3477
301.5527
176.8359
99.93164
82.44141
50.97656
10.54688
330.4688
283.1836
297.8613
172.9688
96.5918
79.27734
39.63867
0.0
327.3047
279.8438
294.082
169.1895
93.25195
76.20117
36.47461
355.8691
308.4961
259.3652
338.6426
56.86523
104.4141
57.30469
16.96289
336.709
289.5996
282.7441
180.6152
80.77148
85.60547
54.14063
13.71094
333.5449
286.3477
301.5527
176.8359
99.93164
82.44141
50.88867
10.45898
330.4688
283.1836
297.8613
173.0566
96.67969
79.45313
39.81445
0.0
327.3926
279.9316
294.1699
169.3652
107.7539
60.55664
20.30273
339.9609
292.8516
286.5234
184.5703
84.375
88.76953
49.39453
8.964844
328.8867
281.5137
296.0156
171.2109
95.00977
77.87109
38.14453
5.712891
325.8105
278.2617
314.8242
167.4316
114.2578
66.88477
26.80664
346.377
299.1797
271.3184
192.2168
68.73047
95.00977
55.81055
23.55469
343.125
296.0156
267.7148
188.4375
65.30273
91.93359
52.64648
12.2168
340.0488
292.9395
286.6113
184.6582
84.375
88.85742
49.48242
9.052734
336.8848
289.7754
296.1914
171.2988
95.18555
77.95898
38.23242
357.7148
310.3418
261.3867
340.9277
58.97461
106.2598
59.15039
18.80859
338.5547
291.4453
284.9414
182.9004
82.79297
87.45117
47.98828
7.470703
335.4785
288.2813
281.25
179.1211
79.45313
84.28711
44.82422
12.39258
332.3145
285.1172
300.0586
175.2539
98.61328
81.21094
49.6582
9.228516
329.1504
281.8652
296.3672
171.5625
95.36133
78.13477
30.41016
349.8926
302.6953
275.2734
354.0234
86.39648
90.70313
59.32617
19.07227
338.8184
291.709
285.2051
183.1641
83.05664
87.71484
48.25195
7.822266
335.6543
288.5449
281.6016
179.4727
93.95508
76.81641
45.17578
4.658203
324.7559
277.207
313.5938
166.2012
113.2031
65.91797
25.83984
345.4102
298.3008
270.3516
191.25
67.85156
94.21875
62.92969
22.76367
342.4219
295.3125
289.3359
187.5586
87.01172
91.23047
51.94336
19.59961
339.2578
292.1484
285.8203
183.7793
83.67188
88.24219
48.86719
8.349609
328.3594
280.9863
295.4004
170.5957
94.48242
77.34375
45.70313
5.185547
325.3711
277.8223
314.2969
166.9043
113.8184
66.5332
26.45508
346.0254
298.8281
270.9668
191.8652
68.4668
94.74609
55.54688
15.11719
342.8613
295.752
267.3633
178.5059
78.92578
83.84766
52.38281
11.95313
331.875
284.6777
299.6191
174.8145
98.17383
73.03711
33.22266
352.7051
313.2422
264.6387
321.9434
39.90234
109.3359
62.05078
21.88477
341.543
294.4336
288.3691
186.5039
86.04492
90.35156
51.06445
10.54688
338.3789
291.2695
284.7656
173.1445
96.76758
79.45313
47.90039
7.382813
327.3926
279.9316
294.2578
169.3652
93.42773
76.37695
36.65039
356.0449
308.6719
259.6289
338.9063
57.12891
104.6777
57.48047
17.13867
336.8848
289.7754
283.0078
180.8789
81.03516
85.78125
46.40625
13.97461
333.8086
286.6113
301.8164
177.0996
100.1953
74.88281
35.06836
354.5508
307.2656
266.6602
324.2285
55.45898
103.1836
56.07422
23.81836
343.3887
296.2793
267.9785
179.209
79.54102
84.46289
45.0
12.56836
332.4023
285.2051
300.2344
175.5176
98.87695
81.47461
41.83594
9.404297
329.4141
282.041
296.6309
171.7383
95.53711
78.31055
38.67188
358.1543
310.6934
261.8262
341.3672
59.50195
106.7871
51.5918
11.16211
338.9941
283.8867
298.7402
173.9355
97.4707
80.15625
48.51563
8.085938
328.0957
280.7227
295.1367
170.2441
94.21875
77.08008
45.43945
4.921875
325.0195
277.4707
313.9453
166.5527
113.5547
66.18164
26.10352
353.6719
306.3867
270.6152
191.5137
68.11523
94.48242
63.10547
22.93945
342.5977
295.4004
289.5117
187.7344
87.1875
91.40625
52.11914
19.77539
339.5215
292.4121
285.9961
174.4629
97.91016
80.50781
48.95508
8.525391
328.5352
281.0742
282.3047
170.6836
94.57031
77.43164
45.79102
5.273438
325.3711
286.084
314.3848
166.9922
113.9063
66.5332
26.45508
346.0254
298.8281
270.9668
191.8652
68.4668
94.74609
55.45898
23.29102
342.8613
295.752
267.2754
187.998
64.95117
91.58203
52.29492
11.86523
339.6973
292.5879
299.4434
174.6387
98.08594
80.68359
41.04492
0.5273438
328.623
281.25
295.752
39.63867
109.0723
61.875
21.62109
349.2773
302.0801
274.5703
195.8203
71.98242
97.91016
58.71094
18.45703
346.1133
298.916
271.0547
191.9531
68.4668
94.83398
55.54688
15.11719
334.9512
287.7539
280.7227
178.5059
78.92578
83.84766
44.38477
11.95313
331.7871
284.5898
299.4434
174.6387
112.3242
65.03906
33.04688
352.4414
305.2441
255.6738
334.5996
53.08594
101.0742
53.96484
13.53516
333.3691
286.084
301.2891
176.5723
99.75586
82.26563
42.71484
2.197266
322.3828
274.6582
310.6934
163.3008
110.7422
63.45703
31.37695
350.8594
303.6621
253.916
332.7539
51.32813
99.49219
60.29297
28.21289
347.6953
300.5859
272.8125
193.8867
70.22461
96.41602
65.03906
24.87305
344.5313
297.4219
269.209
190.0195
66.70898
93.25195
53.87695
13.53516
341.2793
294.1699
301.2891
176.5723
99.75586
82.26563
42.71484
10.2832
330.2051
282.9199
310.6055
163.3008
110.6543
63.45703
23.29102
350.8594
303.5742
253.8281
187.998
64.95117
91.58203
60.20508
19.95117
339.6973
292.5
286.1719
184.2188
84.02344
88.50586
49.13086
16.78711
336.5332
289.3359
282.4805
180.3516
80.5957
85.3418
45.9668
5.449219
333.3691
286.1719
301.377
176.5723
99.75586
74.53125
42.80273
2.197266
322.4707
283.0078
297.6855
163.3887
110.7422
63.54492
31.46484
350.9473
303.6621
253.916
332.7539
51.32813
99.58008
60.38086
20.03906
347.6953
300.498
272.8125
193.8867
70.22461
96.32813
57.12891
16.78711
336.5332
289.4238
282.5684
180.4395
80.5957
85.42969
45.9668
5.449219
333.3691
286.1719
301.2891
176.5723
99.75586
74.44336
42.71484
2.109375
330.2051
282.832
297.5098
163.2129
96.32813
79.01367
39.375
358.8574
311.3965
262.6172
319.6582
37.70508
107.3145
60.11719
19.86328
347.5195
300.3223
286.084
184.043
83.84766
88.33008
48.95508
8.525391
328.5352
281.0742
295.4883
170.5957
94.57031
77.34375
37.70508
357.0996
309.6387
260.6836
340.1367
58.18359
105.6445
58.44727
18.10547
337.8516
290.7422
284.0625
181.9336
82.00195
86.66016
47.19727
6.679688
326.7773
279.2285
315.9668
168.5742
115.2246
67.76367
27.77344
347.2559
300.0586
272.2852
193.2715
69.69727
95.88867
56.60156
24.3457
343.916
296.8066
268.5938
189.3164
66.09375
92.63672
53.34961
12.91992
340.752
293.5547
287.3145
185.3613
84.99023
89.38477
50.00977
9.580078
270.2637
328.1836
158.3789
98.52539
59.23828
27.07031
346.6406
299.4434
271.582
192.5684
68.99414
95.27344
55.98633
15.64453
343.3008
296.1914
281.1621
188.5254
79.27734
84.11133
52.64648
12.2168
332.0508
276.5918
312.8027
165.4102
112.5
65.21484
25.04883
352.6172
305.332
255.7617
334.7754
53.17383
101.1621
53.96484
13.53516
333.3691
286.1719
301.2891
176.4844
99.66797
82.17773
42.62695
10.10742
330.1172
282.7441
297.4219
172.5293
96.15234
78.92578
39.19922
358.6816
311.2207
262.3535
341.9824
59.94141
107.1387
59.94141
19.59961
339.2578
292.1484
285.6445
183.6035
83.4082
87.97852
56.60156
16.17188
335.918
288.8086
281.7773
179.6484
79.89258
76.9043
45.17578
4.658203
324.7559
277.207
313.5059
166.1133
113.1152
65.74219
25.66406
353.2324
305.8594
256.4648
335.3906
53.78906
101.7773
54.58008
14.15039
333.9844
286.6992
301.9043
177.1875
100.2832
74.88281
35.06836
354.4629
307.1777
257.8711
336.9727
55.19531
102.9199
55.81055
15.38086
335.2148
288.0176
280.8984
178.6816
79.10156
83.93555
44.47266
355.7813
308.4082
272.8125
193.7988
70.22461
96.32813
64.95117
24.78516
344.3555
297.2461
269.0332
189.8438
66.5332
92.98828
53.70117
21.35742
341.0156
293.9063
287.666
185.7129
85.3418
89.64844
50.27344
17.92969
337.6758
290.4785
283.7109
181.6699
95.80078
86.30859
46.93359
6.328125
326.4258
278.877
315.4395
168.0469
114.7852
67.32422
27.24609
346.8164
299.6191
271.7578
192.6563
69.16992
95.36133
56.07422
15.73242
335.4785
288.2813
281.25
178.9453
79.36523
84.19922
52.73438
12.2168
332.1387
284.8535
299.7949
174.9902
98.26172
80.85938
41.2207
0.703125
328.7109
281.3379
295.752
161.3672
109.0723
69.69727
29.70703
349.1016
301.9043
274.3066
195.4688
71.71875
97.64648
58.35938
18.01758
345.6738
298.4766
270.4395
191.3379
67.85156
94.21875
54.93164
14.50195
342.2461
295.0488
289.0723
187.1191
100.5469
82.96875
35.33203
354.8145
307.4414
258.1348
337.3242
55.54688
103.1836
55.98633
15.64453
335.3906
288.1934
281.0742
178.8574
79.18945
84.02344
44.56055
3.955078
331.9629
284.6777
299.5313
174.7266
112.3242
64.95117
32.95898
352.4414
305.0684
255.498
334.4238
52.82227
100.8105
53.61328
13.18359
340.9277
293.8184
287.5781
176.0449
99.22852
89.56055
50.18555
9.667969
329.5898
282.2168
296.7188
171.8262
95.53711
78.31055
38.67188
358.0664
310.6055
261.6504
341.1035
59.15039
114.5215
59.23828
27.07031
346.5527
299.3555
271.4063
192.3047
68.81836
95.00977
55.72266
15.29297
335.0391
287.8418
280.7227
178.418
78.83789
83.75977
44.20898
3.603516
331.6113
284.2383
299.0918
174.2871
97.64648
80.24414
40.60547
0.0
328.0957
280.6348
294.9609
170.0684
94.04297
76.81641
37.08984
356.4844
309.0234
268.5938
339.2578
57.39258
104.8535
49.6582
9.140625
336.9727
281.6895
296.1914
171.2988
95.09766
77.87109
46.14258
5.625
325.6348
278.0859
314.5605
167.0801
113.9941
66.5332
26.45508
345.9375
298.7402
270.791
191.6895
68.20313
94.48242
63.19336
22.93945
342.5098
295.4004
289.4238
187.5586
86.92383
91.14258
51.76758
19.42383
339.082
291.9727
285.4688
173.8477
97.29492
79.98047
40.3418
7.910156
327.9199
280.459
294.6973
169.8047
93.7793
76.64063
36.91406
356.3086
308.9355
259.8047
339.082
57.2168
104.6777
57.48047
17.13867
344.7949
297.6855
282.832
180.7031
80.77148
85.51758
46.05469
13.62305
333.457
286.2598
301.377
176.5723
99.66797
74.35547
34.54102
2.021484
322.207
274.3945
310.4297
162.9492
110.3906
63.10547
31.02539
350.5078
303.2227
275.8008
354.5508
73.125
98.96484
59.67773
19.42383
346.9922
291.8848
285.3809
183.252
83.14453
79.89258
40.16602
7.734375
327.7441
280.2832
294.5215
169.6289
93.60352
76.46484
36.73828
356.1328
316.4941
259.541
325.8984
56.95313
112.5879
65.21484
25.04883
344.6191
297.4219
269.2969
190.0195
66.70898
93.16406
53.78906
13.35938
333.1934
285.9082
301.0254
176.2207
99.4043
89.73633
50.36133
9.84375
329.8535
282.3926
296.9824
172.0898
95.80078
78.57422
38.84766
358.2422
310.6934
261.8262
341.2793
59.32617
106.5234
59.32617
27.1582
346.6406
299.4434
271.4941
192.4805
68.90625
95.09766
55.81055
23.55469
343.125
296.0156
267.5391
188.2617
65.03906
91.66992
52.29492
20.03906
339.6094
292.5
285.9961
183.9551
83.75977
88.1543
48.7793
8.261719
328.1836
280.8105
295.1367
170.1563
94.13086
76.9043
37.17773
4.658203
324.7559
277.1191
313.418
166.0254
113.0273
65.6543
25.48828
345.0586
297.8613
269.7363
190.5469
81.03516
85.69336
46.23047
5.625
333.5449
286.2598
314.5605
167.0801
113.9063
66.5332
34.54102
353.9355
306.6504
257.168
336.1816
54.49219
102.3047
55.10742
22.85156
342.4219
295.3125
289.248
187.3828
86.74805
90.9668
51.5918
11.16211
338.9063
291.7969
298.3887
173.4961
97.03125
79.62891
39.99023
0.0
327.4805
280.0195
294.1699
169.2773
93.33984
76.20117
36.38672
3.867188
324.0527
276.3281
312.5391
165.0586
112.1484
64.86328
24.69727
344.1797
297.0703
268.7695
179.9121
80.15625
92.72461
53.34961
12.91992
332.7539
285.4688
300.498
175.6934
98.87695
81.47461
41.83594
1.230469
329.2383
281.8652
296.2793
161.9824
109.5117
62.22656
30.14648
349.541
302.3438
274.834
195.9961
72.1582
97.99805
58.71094
18.36914
346.0254
298.8281
270.791
191.6895
68.20313
94.48242
55.19531
22.93945
342.4219
295.3125
289.248
177.8027
100.7227
75.32227
35.50781
354.9023
307.5293
258.2227
337.3242
55.54688
103.1836
55.98633
15.55664
335.3906
288.1055
281.0742
178.7695
79.10156
83.93555
44.38477
3.779297
323.877
276.2402
312.3633
164.9707
112.0605
64.6875
24.52148
352.0898
304.8047
255.1465
333.9844
66.09375
100.459
45.17578
4.658203
332.666
285.293
300.3223
175.4297
98.70117
81.29883
41.66016
9.140625
329.0625
281.6895
296.1035
171.2109
94.92188
77.7832
46.05469
5.537109
325.5469
277.998
314.3848
166.9043
113.8184
66.35742
26.19141
345.7617
298.5645
270.5273
191.3379
67.85156
94.21875
54.84375
14.41406
334.248
286.9629
302.168
177.3633
100.3711
74.9707
35.15625
2.636719
322.8223
275.0098
311.0449
163.6523
110.918
63.63281
23.37891
342.9492
295.752
267.2754
187.9102
64.6875
91.31836
59.94141
19.59961
339.2578
283.9746
298.8281
173.9355
97.29492
79.98047
40.25391
0.0
327.7441
280.2832
294.5215
169.6289
93.60352
76.37695
36.65039
356.0449
308.584
259.3652
338.6426
56.77734
104.3262
57.04102
16.69922
336.3574
289.1602
282.2168
180.0879
80.24414
84.99023
45.52734
13.00781
332.8418
285.5566
300.5859
175.7813
98.96484
81.47461
41.83594
1.230469
321.416
281.8652
309.4629
161.9824
109.5117
62.22656
21.97266
349.541
302.3438
274.7461
195.9082
72.07031
97.91016
58.62305
18.28125
345.9375
298.7402
270.7031
191.5137
68.02734
94.39453
55.01953
22.76367
342.334
295.1367
289.0723
187.1191
86.57227
90.79102
51.41602
19.07227
338.6426
291.5332
284.8535
182.8125
82.70508
87.27539
47.72461
7.207031
335.0391
287.8418
280.6348
178.418
92.98828
75.84961
36.03516
3.427734
323.6133
275.8887
312.0117
164.5313
111.709
64.33594
24.16992
343.6523
288.457
281.4258
179.209
79.45313
84.28711
44.73633
4.130859
332.0508
284.7656
299.6191
174.8145
98.08594
72.77344
40.95703
0.3515625
320.625
280.9863
308.4082
160.9277
108.6328
61.25977
21.00586
348.5742
301.2891
273.6914
194.6777
70.92773
96.94336
57.65625
17.22656
336.9727
289.7754
282.832
180.6152
80.77148
85.42969
45.9668
5.361328
333.2813
277.7344
314.1211
166.7285
113.5547
66.18164
26.01563
353.4961
306.123
256.6406
335.5664
53.87695
101.7773
54.58008
14.0625
341.8066
294.6094
301.7285
176.9238
100.0195
82.44141
42.80273
2.197266
322.3828
274.5703
310.5176
163.125
110.4785
63.19336
22.93945
350.5078
303.2227
275.8008
187.3828
86.83594
90.9668
51.5918
11.07422
338.9063
291.709
285.1172
182.9883
96.94336
79.54102
39.90234
7.382813
327.3926
279.8438
293.9941
169.1016
93.16406
76.02539
36.21094
347.5195
300.3223
272.4609
193.4473
69.78516
95.88867
56.60156
16.17188
343.916
296.7188
268.3301
189.0527
65.83008
92.28516
52.99805
12.48047
332.3145
285.0293
299.9707
175.0781
98.34961
80.85938
49.30664
8.789063
328.7109
281.25
295.6641
170.6836
94.57031
77.34375
37.61719
5.097656
325.1953
277.5586
313.8574
166.377
105.2051
58.00781
25.75195
345.3223
298.125
270.0
190.8105
67.32422
93.69141
54.4043
22.06055
341.6309
294.5215
288.2813
186.416
85.86914
90.17578
50.80078
10.2832
338.0273
290.8301
284.1504
182.0215
82.00195
86.57227
47.10938
14.67773
334.4238
287.2266
302.4316
177.627
100.6348
75.23438
35.41992
354.8145
307.3535
258.0469
337.1484
55.2832
103.0078
63.7207
23.55469
343.125
295.9277
267.4512
188.1738
64.95117
91.58203
52.20703
19.86328
339.5215
292.3242
285.8203
183.7793
83.58398
88.06641
40.60547
0.0
328.0957
280.5469
307.8809
160.4883
108.2813
60.99609
20.74219
348.3105
301.0254
273.3398
184.7461
84.46289
88.85742
57.39258
17.05078
336.7969
289.5996
282.6563
180.5273
80.5957
85.3418
45.87891
5.273438
325.3711
285.9082
314.1211
166.7285
113.5547
66.18164
26.01563
353.584
306.2109
256.7285
335.7422
54.05273
101.8652
54.66797
14.23828
333.9844
286.7871
301.9043
177.0996
100.1953
74.79492
34.98047
354.375
307.002
257.6074
336.6211
54.93164
110.7422
63.36914
23.20313
342.7734
295.5762
289.5996
187.7344
87.09961
91.23047
51.85547
11.42578
331.2598
283.8867
298.7402
173.8477
97.29492
79.98047
40.25391
7.822266
327.7441
280.2832
294.5215
169.6289
93.60352
76.46484
36.73828
4.21875
324.3164
276.5918
312.8906
165.4102
112.5
65.12695
33.13477
352.5293
305.1563
255.5859
334.5117
52.91016
100.8984
45.61523
5.097656
325.1953
277.5586
313.9453
166.4648
113.3789
66.00586
25.83984
345.4102
298.2129
270.0879
190.8984
67.5
93.86719
54.58008
14.15039
341.8945
294.6973
301.8164
177.0117
86.13281
90.43945
51.06445
10.54688
338.291
291.1816
284.502
182.373
96.41602
86.92383
47.46094
6.943359
326.9531
279.4043
316.0547
168.5742
115.2246
75.58594
35.85938
355.2539
307.793
258.5742
337.6758
69.43359
95.625
64.24805
24.08203
351.6504
304.3652
254.6191
333.457
51.94336
100.0195
52.73438
12.30469
332.1387
284.8535
299.7949
174.9023
98.26172
80.77148
41.13281
8.701172
328.623
281.1621
295.5762
170.6836
94.57031
77.34375
37.5293
356.9238
309.5508
260.5078
339.7852
57.83203
105.293
58.0957
17.75391
337.4121
298.2129
283.4473
181.2305
81.29883
85.95703
54.49219
14.0625
333.8086
286.6113
301.7285
176.9238
114.1699
66.79688
18.54492
346.2012
299.0039
270.9668
191.8652
68.37891
94.6582
55.37109
14.94141
342.6855
295.4883
289.5117
178.0664
100.9863
75.58594
35.77148
355.166
315.6152
267.1875
337.6758
55.81055
103.5352
56.33789
15.9082
343.6523
296.4551
268.0664
188.7891
79.45313
92.10938
52.73438
12.30469
332.1387
284.8535
299.707
174.9023
98.17383
80.77148
49.13086
8.613281
328.5352
281.0742
295.4883
170.5957
94.48242
77.25586
45.52734
5.009766
325.1074
285.6445
300.6738
175.7813
113.2031
73.74023
33.83789
353.2324
305.9473
256.377
335.3906
53.70117
101.6016
54.4043
13.97461
333.7207
294.5215
301.6406
186.5039
85.95703
90.26367
50.88867
10.37109
338.1152
290.918
284.2383
172.5293
96.15234
78.83789
47.19727
6.679688
326.6895
279.1406
315.7031
168.3105
114.9609
67.5
27.42188
346.9043
299.6191
271.7578
192.7441
82.96875
79.62891
48.07617
7.470703
327.4805
279.9316
294.1699
169.1895
93.25195
76.11328
44.38477
3.779297
323.877
276.1523
312.3633
164.8828
112.0605
64.6875
24.52148
344.0039